2.28
2.28
2.28
2.28
2.28
2.28
2.28
2.28
2.28
2.28
2.28
2.28
2.28
2.28
2.29
2.29
2.29
2.29
2.29
2.29
2.29
2.29
2.29
2.29
2.29
2.29
2.29
2.29
2.29
2.3
2.3
2.3
2.3
2.31
2.31
2.31
2.31
2.31
2.32
2.32
2.32
2.32
2.32
2.32
2.32
2.32
2.32
2.32
2.31
2.32
2.31
2.31
2.31
2.32
2.32
2.31
2.31
2.31
2.31
2.31
2.31
2.31
2.31
2.31
2.31
2.31
2.31
2.31
2.31
2.31
2.31
2.31
2.31
2.31
2.31
2.31
2.31
2.31
2.31
2.31
2.31
2.31
2.31
2.31
2.31
2.31
2.31
2.31
2.31
2.31
2.31
2.31
2.31
2.31
2.31
2.31
2.31
2.31
2.3
2.3
2.3
2.3
2.3
2.3
2.3
2.3
2.3
2.31
2.31
2.31
2.31
2.31
2.31
2.31
2.31
2.31
2.31
2.31
2.31
2.31
2.31
2.31
2.31
2.31
2.31
2.31
2.31
2.31
2.32
2.32
2.32
2.32
2.32
2.32
2.32
2.32
2.32
2.32
2.32
2.32
2.33
2.34
2.34
2.34
2.34
2.34
2.34
2.34
2.34
2.34
2.34
2.34
2.34
2.34
2.34
2.34
2.34
2.34
2.33
2.34
2.34
2.34
2.34
2.34
2.34
2.34
2.34
2.34
2.34
2.34
2.34
2.34
2.34
2.34
2.34
2.34
2.34
2.34
2.34
2.34
2.34
2.34
2.34
2.34
2.33
2.33
2.33
2.33
2.33
2.33
2.33
2.33
2.33
2.33
2.33
2.33
2.33
2.33
2.33
2.33
2.33
2.33
2.33
2.34
2.34
2.34
2.34
2.34
2.34
2.34
2.34
2.34
2.34
2.34
2.34
2.34
2.34
2.34
2.34
2.34
2.34
2.34
2.34
2.34
2.34
2.34
2.34
2.34
2.34
2.34
2.34
2.34
2.34
2.34
2.34
2.34
2.34
2.34
2.34
2.34
2.35
2.35
2.36
2.36
2.36
2.36
2.37
2.37
2.37
2.37
2.37
2.37
2.36
2.36
2.36
2.36
2.36
2.36
2.36
2.36
2.36
2.36
2.36
2.36
2.37
2.37
2.37
2.37
2.37
2.37
2.37
2.37
2.37
2.37
2.37
2.37
2.37
2.37
2.37
2.36
2.37
2.36
2.36
2.36
2.36
2.36
2.36
2.36
2.36
2.36
2.36
2.36
2.36
2.36
2.36
2.36
2.36
2.36
2.36
2.36
2.36
2.35
2.35
2.36
2.36
2.36
2.36
2.36
2.36
2.36
2.36
2.36
2.36
2.36
2.36
2.36
2.36
2.37
2.38
2.37
2.37
2.36
2.36
2.36
2.36
2.36
2.36
2.36
2.36
2.36
2.36
2.36
2.36
2.36
2.36
2.36
2.36
2.37
2.36
2.36
2.37
2.37
2.37
2.38
2.38
2.38
2.38
2.38
2.38
2.38
2.38
2.38
2.38
2.38
2.38
2.38
2.38
2.38
2.38
2.38
2.38
2.38
2.38
2.38
2.38
2.39
2.39
2.39
2.39
2.39
2.39
2.39
2.39
2.39
2.39
2.39
2.39
2.38
2.38
2.38
2.38
2.38
2.38
2.38
2.38
2.38
2.38
2.38
2.38
2.38
2.38
2.38
2.38
2.38
2.38
2.38
2.38
2.38
2.38
2.38
2.38
2.37
2.37
2.37
2.4
2.4
2.4
2.4
2.4
2.4
2.4
2.4
2.4
2.4
2.4
2.4
2.4
2.41
2.44
2.49
2.51
2.51
2.46
2.42
2.4
2.4
2.4
2.4
2.4
2.4
2.4
2.4
2.4
2.4
2.4
2.4
2.4
2.4
2.4
2.4
2.4
2.4
2.4
2.4
2.4
2.41
2.42
2.42
2.42
2.42
2.42
2.42
2.42
2.42
2.42
2.42
2.42
2.42
2.42
2.42
2.42
2.42
2.42
2.41
2.42
2.42
2.42
2.42
2.43
2.43
2.43
2.42
2.42
2.42
2.42
2.42
2.42
2.42
2.42
2.42
2.42
2.42
2.42
2.42
2.42
2.42
2.42
2.42
2.42
2.42
2.42
2.42
2.42
2.42
2.42
2.42
2.41
2.41
2.41
2.41
2.41
2.41
2.41
2.43
2.44
2.34
2.35
2.38
2.41
2.43
2.44
2.44
2.45
2.45
2.44
2.44
2.44
2.44
2.44
2.44
2.45
2.48
2.48
2.47
2.45
2.44
2.44
2.44
2.44
2.44
2.44
2.44
2.44
2.44
2.44
2.44
2.44
2.44
2.44
2.44
2.44
2.44
2.44
2.44
2.44
2.44
2.44
2.45
2.45
2.45
2.45
2.45
2.45
2.45
2.45
2.45
2.45
2.45
2.45
2.45
2.45
2.45
2.45
2.45
2.45
2.45
2.45
2.45
2.46
2.46
2.46
2.46
2.45
2.46
2.45
2.46
2.45
2.45
2.45
2.45
2.45
2.45
2.45
2.45
2.45
2.45
2.45
2.45
2.45
2.45
2.45
2.45
2.45
2.45
2.45
2.45
2.45
2.45
2.44
2.44
2.44
2.44
2.44
2.44
2.45
2.45
2.2
2.21
2.24
2.26
2.32
2.35
2.39
2.43
2.46
2.49
2.5
2.5
2.5
2.5
2.5
2.5
2.5
2.49
2.49
2.49
2.49
2.49
2.49
2.49
2.49
2.5
2.5
2.5
2.5
2.5
2.5
2.5
2.49
2.5
2.5
2.49
2.5
2.5
2.5
2.5
2.5
2.5
2.5
2.5
2.5
2.5
2.5
2.5
2.5
2.5
2.5
2.5
2.5
2.5
2.5
2.5
2.5
2.5
2.5
2.5
2.5
2.5
2.5
2.51
2.51
2.51
2.51
2.51
2.51
2.51
2.51
2.5
2.5
2.5
2.5
2.5
2.5
2.5
2.5
2.5
2.5
2.5
2.5
2.5
2.5
2.5
2.5
2.5
2.5
2.5
2.5
2.5
2.5
2.5
2.5
2.49
2.49
2.49
2.49
2.49
2.49
2.17
2.17
2.18
2.2
2.23
2.27
2.3
2.34
2.39
2.42
2.47
2.52
2.54
2.54
2.54
2.54
2.54
2.54
2.54
2.54
2.54
2.54
2.54
2.54
2.54
2.54
2.54
2.54
2.54
2.54
2.54
2.54
2.54
2.54
2.54
2.54
2.54
2.54
2.54
2.54
2.54
2.54
2.54
2.54
2.54
2.54
2.54
2.54
2.54
2.54
2.54
2.54
2.54
2.54
2.54
2.54
2.54
2.54
2.54
2.54
2.54
2.54
2.54
2.54
2.54
2.54
2.54
2.54
2.54
2.54
2.54
2.54
2.54
2.54
2.54
2.54
2.54
2.54
2.54
2.54
2.54
2.54
2.54
2.53
2.53
2.53
2.53
2.53
2.53
2.53
2.53
2.53
2.53
2.53
2.53
2.53
2.53
2.53
2.53
2.53
2.52
2.22
2.22
2.21
2.21
2.21
2.21
2.22
2.26
2.28
2.34
2.39
2.48
2.53
2.57
2.58
2.59
2.59
2.59
2.59
2.59
2.59
2.59
2.59
2.59
2.59
2.59
2.59
2.59
2.59
2.59
2.59
2.59
2.59
2.59
2.59
2.59
2.59
2.58
2.59
2.58
2.58
2.58
2.58
2.58
2.58
2.58
2.58
2.59
2.58
2.58
2.58
2.58
2.58
2.58
2.58
2.58
2.58
2.58
2.58
2.58
2.58
2.58
2.58
2.58
2.58
2.58
2.58
2.58
2.58
2.58
2.58
2.57
2.57
2.57
2.57
2.57
2.57
2.57
2.57
2.57
2.57
2.58
2.57
2.57
2.57
2.57
2.57
2.57
2.57
2.57
2.57
2.57
2.57
2.57
2.57
2.57
2.57
2.57
2.57
2.57
2.57
2.65
2.65
2.61
2.5
2.38
2.31
2.28
2.27
2.27
2.28
2.3
2.38
2.39
2.46
2.53
2.61
2.65
2.66
2.66
2.66
2.66
2.66
2.66
2.66
2.66
2.66
2.66
2.66
2.66
2.66
2.66
2.66
2.66
2.66
2.66
2.65
2.66
2.66
2.65
2.65
2.65
2.65
2.65
2.65
2.65
2.65
2.65
2.65
2.65
2.65
2.65
2.64
2.64
2.64
2.64
2.64
2.64
2.64
2.64
2.65
2.64
2.64
2.64
2.64
2.64
2.64
2.64
2.64
2.64
2.64
2.64
2.63
2.64
2.63
2.63
2.63
2.63
2.63
2.63
2.63
2.63
2.63
2.63
2.63
2.63
2.62
2.63
2.63
2.62
2.62
2.62
2.63
2.63
2.64
2.63
2.64
2.63
2.64
2.63
2.63
2.63
2.7
2.7
2.71
2.71
2.71
2.66
2.56
2.45
2.34
2.31
2.31
2.31
2.34
2.38
2.46
2.54
2.63
2.69
2.71
2.72
2.72
2.71
2.71
2.71
2.71
2.72
2.71
2.71
2.71
2.71
2.71
2.71
2.71
2.71
2.71
2.71
2.71
2.71
2.72
2.72
2.71
2.71
2.7
2.7
2.7
2.7
2.7
2.7
2.7
2.7
2.7
2.7
2.7
2.7
2.69
2.7
2.7
2.69
2.7
2.69
2.69
2.69
2.7
2.69
2.69
2.69
2.69
2.69
2.69
2.69
2.69
2.69
2.68
2.68
2.68
2.68
2.68
2.68
2.68
2.68
2.68
2.68
2.68
2.67
2.67
2.67
2.68
2.68
2.67
2.68
2.67
2.67
2.67
2.67
2.68
2.68
2.67
2.68
2.68
2.68
2.68
2.75
2.75
2.76
2.76
2.76
2.76
2.76
2.76
2.71
2.54
2.41
2.36
2.35
2.36
2.4
2.47
2.56
2.64
2.7
2.76
2.77
2.77
2.77
2.76
2.76
2.76
2.76
2.77
2.77
2.76
2.76
2.76
2.76
2.76
2.76
2.76
2.76
2.76
2.77
2.79
2.78
2.76
2.75
2.75
2.75
2.75
2.75
2.75
2.75
2.75
2.75
2.75
2.75
2.74
2.74
2.75
2.74
2.74
2.74
2.74
2.74
2.74
2.74
2.74
2.74
2.73
2.74
2.74
2.73
2.73
2.73
2.73
2.73
2.73
2.73
2.73
2.73
2.73
2.72
2.72
2.72
2.72
2.72
2.72
2.72
2.72
2.72
2.72
2.72
2.72
2.72
2.72
2.72
2.72
2.72
2.72
2.72
2.72
2.72
2.72
2.73
2.83
2.82
2.83
2.83
2.83
2.83
2.83
2.83
2.83
2.83
2.83
2.6
2.46
2.42
2.41
2.43
2.48
2.57
2.64
2.76
2.82
2.83
2.84
2.84
2.84
2.83
2.83
2.84
2.83
2.83
2.83
2.83
2.82
2.83
2.82
2.82
2.82
2.82
2.82
2.82
2.82
2.82
2.82
2.82
2.81
2.82
2.82
2.81
2.81
2.81
2.81
2.81
2.81
2.81
2.81
2.81
2.8
2.81
2.81
2.81
2.81
2.81
2.8
2.8
2.8
2.8
2.8
2.8
2.8
2.8
2.8
2.8
2.79
2.79
2.79
2.79
2.79
2.79
2.79
2.79
2.79
2.79
2.78
2.78
2.78
2.78
2.78
2.78
2.78
2.78
2.78
2.78
2.78
2.78
2.78
2.78
2.78
2.78
2.78
2.78
2.78
2.87
2.87
2.88
2.88
2.88
2.88
2.88
2.88
2.88
2.88
2.88
2.88
2.76
2.62
2.48
2.45
2.47
2.53
2.58
2.69
2.78
2.86
2.89
2.89
2.89
2.88
2.88
2.88
2.88
2.88
2.88
2.88
2.88
2.87
2.87
2.87
2.87
2.87
2.87
2.87
2.87
2.87
2.86
2.86
2.87
2.86
2.86
2.86
2.86
2.86
2.86
2.86
2.86
2.86
2.86
2.86
2.85
2.86
2.85
2.85
2.85
2.85
2.85
2.85
2.85
2.85
2.85
2.85
2.84
2.84
2.84
2.84
2.84
2.84
2.84
2.84
2.84
2.83
2.83
2.83
2.83
2.83
2.83
2.83
2.83
2.83
2.83
2.82
2.82
2.82
2.82
2.82
2.82
2.82
2.82
2.82
2.82
2.82
2.82
2.82
2.82
2.95
2.94
2.94
2.92
2.92
2.93
2.96
2.95
2.95
2.96
2.96
2.96
2.96
2.96
2.76
2.6
2.52
2.52
2.53
2.63
2.72
2.82
2.92
2.94
2.96
2.96
2.95
2.95
2.95
2.95
2.95
2.94
2.95
2.94
2.94
2.94
2.94
2.94
2.94
2.94
2.93
2.93
2.93
2.93
2.93
2.93
2.93
2.93
2.93
2.93
2.93
2.93
2.93
2.93
2.92
2.92
2.92
2.92
2.92
2.92
2.92
2.91
2.91
2.91
2.91
2.91
2.91
2.91
2.9
2.9
2.9
2.9
2.91
2.91
2.9
2.9
2.89
2.89
2.9
2.89
2.89
2.89
2.89
2.89
2.89
2.89
2.88
2.88
2.88
2.88
2.88
2.88
2.88
2.88
2.88
2.88
2.88
2.88
2.88
2.88
2.88
3.01
3.01
3.02
3.0
2.99
2.99
3.01
3.02
3.02
3.02
3.02
3.02
3.03
3.03
3.02
2.96
2.73
2.59
2.57
2.58
2.65
2.72
2.86
2.95
3.01
3.02
3.02
3.02
3.02
3.01
3.01
3.01
3.0
3.0
3.0
3.0
3.0
3.0
3.0
3.0
3.0
3.0
2.99
2.99
2.99
2.99
2.99
2.99
2.99
2.99
2.99
2.99
2.99
2.99
2.98
2.98
2.98
2.98
2.98
2.98
2.98
2.98
2.98
2.98
2.98
2.97
2.97
2.97
2.97
2.96
2.96
2.96
2.98
2.98
2.99
2.98
2.97
2.96
2.96
2.97
2.97
2.96
2.96
2.96
2.96
2.96
2.96
2.96
2.96
2.95
2.95
2.95
2.94
2.95
2.95
2.95
2.94
2.95
2.95
2.94
2.94
3.09
3.09
3.1
3.1
3.1
3.1
3.1
3.1
3.1
3.1
3.11
3.11
3.09
3.05
3.0
2.93
2.87
2.67
2.62
2.6
2.59
2.64
2.76
2.87
2.99
3.08
3.09
3.1
3.09
3.09
3.09
3.08
3.08
3.08
3.08
3.08
3.08
3.08
3.08
3.08
3.08
3.08
3.08
3.07
3.07
3.07
3.07
3.07
3.07
3.07
3.06
3.06
3.06
3.06
3.06
3.06
3.06
3.05
3.06
3.05
3.06
3.05
3.05
3.05
3.05
3.04
3.04
3.04
3.04
3.04
3.04
3.03
3.03
3.02
3.03
3.03
3.03
3.03
3.03
3.03
3.03
3.03
3.02
3.02
3.03
3.03
3.02
3.02
3.02
3.02
3.01
3.01
3.01
3.01
3.01
3.01
3.01
3.01
3.01
3.01
3.01
3.18
3.18
3.19
3.19
3.19
3.19
3.2
3.2
3.2
3.2
3.19
3.17
3.1
3.03
2.94
2.87
2.82
2.73
2.63
2.54
2.54
2.64
2.72
2.83
2.97
3.1
3.16
3.17
3.19
3.18
3.18
3.18
3.18
3.18
3.17
3.17
3.17
3.17
3.17
3.17
3.17
3.17
3.16
3.16
3.16
3.16
3.16
3.16
3.16
3.16
3.15
3.15
3.15
3.15
3.15
3.15
3.14
3.15
3.15
3.14
3.14
3.14
3.14
3.14
3.13
3.14
3.13
3.13
3.13
3.13
3.13
3.12
3.12
3.12
3.12
3.11
3.12
3.12
3.11
3.11
3.11
3.11
3.11
3.11
3.11
3.11
3.11
3.11
3.1
3.11
3.1
3.1
3.1
3.1
3.1
3.1
3.09
3.1
3.1
3.09
3.1
3.28
3.27
3.28
3.28
3.28
3.27
3.28
3.29
3.29
3.26
3.21
3.11
3.02
2.93
2.87
2.8
2.75
2.63
2.56
2.52
2.52
2.54
2.67
2.77
2.87
2.99
3.12
3.22
3.26
3.27
3.26
3.26
3.26
3.26
3.26
3.26
3.25
3.25
3.26
3.25
3.25
3.25
3.25
3.24
3.24
3.24
3.24
3.24
3.24
3.24
3.23
3.23
3.23
3.23
3.23
3.23
3.22
3.23
3.23
3.22
3.22
3.22
3.22
3.21
3.21
3.21
3.21
3.21
3.21
3.21
3.21
3.21
3.2
3.2
3.2
3.2
3.2
3.2
3.2
3.19
3.19
3.19
3.19
3.19
3.19
3.19
3.19
3.19
3.19
3.18
3.18
3.18
3.18
3.18
3.17
3.17
3.18
3.17
3.17
3.17
3.17
3.38
3.38
3.38
3.38
3.39
3.39
3.39
3.37
3.33
3.23
3.15
3.02
2.95
2.91
2.83
2.77
2.71
2.62
2.53
2.44
2.45
2.52
2.63
2.72
2.85
2.97
3.08
3.23
3.31
3.37
3.37
3.36
3.36
3.36
3.36
3.36
3.35
3.35
3.35
3.35
3.35
3.35
3.34
3.34
3.34
3.34
3.34
3.34
3.34
3.34
3.33
3.33
3.33
3.33
3.33
3.33
3.32
3.32
3.32
3.32
3.32
3.31
3.32
3.31
3.31
3.31
3.31
3.31
3.3
3.3
3.3
3.3
3.29
3.29
3.29
3.29
3.29
3.29
3.29
3.29
3.28
3.28
3.29
3.28
3.28
3.28
3.28
3.28
3.28
3.27
3.28
3.27
3.28
3.27
3.27
3.27
3.27
3.27
3.27
3.26
3.26
3.46
3.46
3.47
3.47
3.47
3.47
3.46
3.4
3.34
3.19
3.11
2.98
2.92
2.84
2.75
2.7
2.65
2.59
2.49
2.41
2.41
2.47
2.57
2.68
2.79
2.93
3.02
3.17
3.27
3.45
3.45
3.45
3.45
3.45
3.44
3.44
3.44
3.44
3.44
3.44
3.43
3.43
3.43
3.42
3.42
3.42
3.42
3.42
3.42
3.42
3.42
3.41
3.41
3.41
3.41
3.41
3.41
3.4
3.41
3.4
3.41
3.4
3.4
3.39
3.39
3.39
3.38
3.39
3.38
3.38
3.38
3.38
3.38
3.37
3.38
3.37
3.38
3.37
3.37
3.37
3.37
3.36
3.36
3.36
3.36
3.36
3.36
3.36
3.36
3.36
3.36
3.36
3.35
3.35
3.35
3.35
3.34
3.34
3.34
3.34
3.34
3.54
3.55
3.55
3.55
3.55
3.52
3.46
3.35
3.26
3.12
3.05
2.99
2.91
2.83
2.74
2.69
2.63
2.55
2.45
2.37
2.38
2.47
2.56
2.65
2.78
2.92
3.02
3.17
3.19
3.5
3.53
3.53
3.53
3.53
3.52
3.52
3.52
3.52
3.52
3.51
3.51
3.51
3.51
3.51
3.5
3.51
3.5
3.5
3.5
3.5
3.49
3.49
3.49
3.48
3.48
3.48
3.48
3.48
3.48
3.47
3.47
3.47
3.48
3.47
3.47
3.47
3.46
3.46
3.46
3.46
3.45
3.45
3.45
3.45
3.45
3.45
3.44
3.44
3.44
3.44
3.45
3.44
3.44
3.44
3.44
3.44
3.43
3.44
3.43
3.43
3.43
3.43
3.43
3.42
3.42
3.42
3.43
3.42
3.42
3.42
3.42
3.72
3.72
3.72
3.73
3.73
3.63
3.46
3.3
3.21
3.09
2.99
2.87
2.8
2.71
2.64
2.58
2.54
2.49
2.41
2.31
2.32
2.4
2.48
2.59
2.74
2.79
2.88
3.03
3.15
3.5
3.64
3.7
3.71
3.71
3.71
3.71
3.7
3.7
3.69
3.69
3.7
3.69
3.69
3.68
3.68
3.69
3.68
3.68
3.67
3.67
3.67
3.67
3.67
3.66
3.66
3.65
3.66
3.65
3.65
3.65
3.64
3.64
3.64
3.64
3.63
3.64
3.63
3.62
3.63
3.62
3.62
3.62
3.62
3.61
3.61
3.61
3.61
3.61
3.61
3.6
3.6
3.6
3.6
3.6
3.59
3.6
3.59
3.6
3.6
3.59
3.59
3.59
3.59
3.59
3.59
3.59
3.59
3.58
3.58
3.58
3.58
3.82
3.83
3.83
3.82
3.88
3.73
3.39
3.23
3.15
3.01
2.94
2.82
2.78
2.69
2.62
2.58
2.52
2.44
2.36
2.28
2.3
2.38
2.46
2.57
2.68
2.8
2.92
3.06
3.14
3.41
3.71
3.75
3.81
3.81
3.81
3.81
3.81
3.8
3.8
3.8
3.8
3.79
3.79
3.79
3.78
3.79
3.79
3.78
3.78
3.78
3.77
3.77
3.77
3.76
3.76
3.76
3.75
3.75
3.75
3.74
3.74
3.74
3.74
3.73
3.74
3.72
3.73
3.72
3.72
3.72
3.71
3.71
3.7
3.7
3.7
3.7
3.7
3.69
3.69
3.7
3.7
3.7
3.69
3.7
3.69
3.7
3.69
3.69
3.69
3.69
3.69
3.69
3.68
3.69
3.69
3.69
3.69
3.68
3.68
3.68
3.67
3.96
3.96
3.97
4.11
4.86
4.15
3.28
3.17
3.07
2.94
2.85
2.8
2.72
2.66
2.6
2.56
2.49
2.41
2.33
2.25
2.28
2.36
2.45
2.56
2.66
2.77
2.89
3.04
3.07
3.39
3.58
3.79
3.94
3.96
3.95
3.96
3.95
3.95
3.95
3.94
3.94
3.94
3.93
3.93
3.93
3.93
3.92
3.93
3.91
3.91
3.91
3.91
3.9
3.89
3.9
3.89
3.9
3.88
3.88
3.88
3.88
3.87
3.87
3.87
3.87
3.87
3.85
3.84
3.85
3.85
3.85
3.84
3.84
3.83
3.83
3.82
3.82
3.83
3.83
3.82
3.83
3.82
3.82
3.82
3.81
3.81
3.81
3.81
3.82
3.81
3.81
3.81
3.8
3.8
3.81
3.82
3.82
3.81
3.81
3.81
3.81
4.21
4.22
4.81
5.54
7.01
4.98
3.38
3.15
3.03
2.9
2.84
2.73
2.68
2.61
2.55
2.48
2.43
2.34
2.31
2.21
2.21
2.28
2.37
2.47
2.57
2.69
2.78
2.94
3.03
3.4
3.55
3.86
4.06
4.12
4.19
4.21
4.2
4.19
4.18
4.18
4.17
4.16
4.15
4.15
4.15
4.15
4.14
4.14
4.14
4.14
4.13
4.12
4.12
4.12
4.11
4.11
4.1
4.11
4.11
4.09
4.1
4.1
4.09
4.09
4.09
4.07
4.08
4.06
4.06
4.05
4.06
4.05
4.05
4.03
4.04
4.04
4.04
4.04
4.04
4.03
4.03
4.03
4.03
4.03
4.03
4.02
4.02
4.03
4.02
4.03
4.03
4.02
4.02
4.03
4.02
4.02
4.02
4.02
4.02
4.02
4.02
4.93
4.97
6.03
6.78
6.98
4.69
3.27
3.09
2.98
2.88
2.79
2.7
2.64
2.57
2.51
2.44
2.41
2.35
2.27
2.18
2.2
2.28
2.36
2.45
2.57
2.69
2.79
2.94
3.0
3.39
3.51
3.8
4.06
4.17
4.28
4.28
4.26
4.23
4.21
4.2
4.19
4.17
4.17
4.16
4.15
4.15
4.15
4.2
4.29
4.28
4.28
4.27
4.27
4.26
4.26
4.25
4.24
4.25
4.24
4.23
4.23
4.23
4.24
4.23
4.22
4.21
4.2
4.2
4.2
4.2
4.19
4.19
4.17
4.17
4.18
4.16
4.16
4.16
4.16
4.16
4.15
4.15
4.16
4.15
4.15
4.16
4.15
4.15
4.15
4.14
4.16
4.15
4.15
4.16
4.15
4.15
4.15
4.15
4.15
4.16
4.15
6.36
6.51
6.71
6.8
6.68
3.83
3.09
3.05
2.98
2.88
2.8
2.69
2.61
2.55
2.48
2.43
2.37
2.28
2.2
2.15
2.19
2.26
2.36
2.42
2.49
2.62
2.71
2.83
2.93
3.24
3.42
3.61
3.94
4.19
4.26
4.24
4.21
4.18
4.16
4.14
4.13
4.12
4.11
4.1
4.09
4.09
4.09
4.16
4.51
4.51
4.49
4.5
4.48
4.48
4.48
4.46
4.46
4.47
4.46
4.45
4.45
4.45
4.45
4.45
4.44
4.42
4.43
4.43
4.41
4.41
4.4
4.4
4.39
4.38
4.39
4.38
4.38
4.38
4.38
4.37
4.37
4.38
4.37
4.35
4.35
4.36
4.38
4.38
4.38
4.38
4.38
4.38
4.38
4.38
4.37
4.37
4.38
4.36
4.36
4.3
4.27
6.5
6.52
6.62
6.72
6.66
4.01
3.07
3.02
2.94
2.83
2.74
2.64
2.57
2.51
2.45
2.39
2.34
2.26
2.18
2.12
2.14
2.23
2.33
2.43
2.46
2.58
2.68
2.8
2.91
3.26
3.37
3.62
3.89
4.15
4.2
4.17
4.15
4.13
4.1
4.08
4.07
4.06
4.05
4.04
4.03
4.03
4.08
4.3
4.78
4.75
4.75
4.74
4.75
4.74
4.73
4.72
4.71
4.71
4.71
4.72
4.7
4.69
4.68
4.69
4.66
4.67
4.67
4.66
4.65
4.65
4.65
4.65
4.63
4.62
4.62
4.61
4.63
4.61
4.61
4.61
4.59
4.6
4.54
4.43
4.37
4.37
4.48
4.51
4.56
4.57
4.62
4.62
4.61
4.59
4.56
4.5
4.5
4.43
4.37
4.28
4.24
6.47
6.49
6.57
6.69
6.38
3.78
3.03
2.99
2.93
2.82
2.73
2.64
2.55
2.49
2.43
2.38
2.32
2.25
2.16
2.1
2.13
2.21
2.31
2.41
2.51
2.56
2.67
2.78
2.89
3.22
3.36
3.6
3.89
4.11
4.17
4.14
4.12
4.09
4.07
4.05
4.04
4.03
4.02
4.01
4.01
4.0
4.04
4.26
4.91
4.91
4.9
4.91
4.89
4.9
4.88
4.87
4.85
4.86
4.85
4.85
4.84
4.84
4.84
4.84
4.82
4.8
4.81
4.8
4.79
4.77
4.78
4.77
4.78
4.76
4.75
4.77
4.75
4.76
4.76
4.74
4.75
4.74
4.66
4.4
4.33
4.37
4.44
4.53
4.58
4.66
4.74
4.73
4.68
4.62
4.59
4.52
4.47
4.4
4.35
4.23
4.2
6.4
6.43
6.5
6.6
6.36
3.61
3.0
2.92
2.84
2.79
2.71
2.6
2.53
2.47
2.4
2.35
2.3
2.22
2.14
2.08
2.09
2.17
2.25
2.35
2.46
2.57
2.67
2.77
2.88
3.22
3.37
3.62
3.97
4.12
4.12
4.11
4.09
4.06
4.04
4.02
4.01
3.99
3.99
3.97
3.97
3.96
4.01
4.25
5.13
5.12
5.11
5.11
5.11
5.12
5.11
5.11
5.1
5.08
5.07
5.07
5.07
5.06
5.05
5.04
5.05
5.03
5.03
5.02
5.01
5.0
4.98
5.0
4.98
4.97
4.99
4.98
4.97
4.97
4.97
4.95
4.96
4.94
4.73
4.3
4.28
4.33
4.34
4.35
4.36
4.38
4.68
4.77
4.7
4.61
4.54
4.46
4.43
4.34
4.22
4.2
4.15
6.33
6.34
6.44
6.52
5.55
3.67
2.97
2.89
2.81
2.7
2.61
2.58
2.49
2.44
2.38
2.33
2.27
2.2
2.11
2.06
2.1
2.17
2.26
2.35
2.46
2.56
2.69
2.81
2.87
3.12
3.31
3.53
3.82
4.03
4.08
4.06
4.03
4.0
3.98
3.96
3.94
3.93
3.92
3.92
3.92
3.92
3.95
4.12
5.43
5.43
5.41
5.41
5.42
5.4
5.42
5.4
5.37
5.38
5.37
5.39
5.36
5.35
5.35
5.34
5.35
5.33
5.3
5.31
5.29
5.27
5.28
5.27
5.27
5.26
5.24
5.23
5.25
5.25
5.25
5.25
5.26
5.23
5.0
4.3
4.23
4.23
3.29
2.64
2.46
2.46
2.72
4.36
4.29
4.22
4.33
4.4
4.36
4.29
4.26
4.16
4.13
6.31
6.34
6.43
6.42
4.85
4.25
2.99
2.9
2.84
2.72
2.65
2.55
2.49
2.43
2.36
2.31
2.26
2.19
2.08
2.04
2.09
2.17
2.21
2.31
2.39
2.51
2.6
2.72
2.84
3.17
3.28
3.51
3.78
4.01
4.04
4.0
3.98
3.96
3.94
3.93
3.92
3.91
3.89
3.88
3.89
3.89
3.96
4.23
5.63
5.63
5.62
5.61
5.62
5.61
5.59
5.59
5.62
5.59
5.6
5.59
5.58
5.58
5.57
5.57
5.56
5.53
5.52
5.51
5.5
5.48
5.49
5.48
5.46
5.46
5.46
5.47
5.45
5.45
5.46
5.44
5.4
5.38
5.05
4.42
4.2
4.21
3.77
3.1
2.47
2.45
2.85
4.18
4.14
4.13
4.24
4.34
4.33
4.28
4.26
4.16
4.11
6.24
6.25
6.35
5.95
4.57
3.32
2.91
2.87
2.75
2.7
2.63
2.52
2.46
2.4
2.34
2.28
2.24
2.14
2.06
2.03
2.08
2.15
2.25
2.28
2.38
2.48
2.59
2.69
2.81
3.16
3.29
3.51
3.77
3.98
4.01
3.98
3.97
3.94
3.93
3.9
3.89
3.88
3.86
3.86
3.86
3.86
3.91
4.42
5.94
5.94
5.93
5.94
5.93
5.93
5.92
5.91
5.89
5.9
5.88
5.88
5.88
5.86
5.86
5.84
5.84
5.84
5.8
5.82
5.82
5.78
5.78
5.78
5.76
5.74
5.76
5.76
5.75
5.69
5.63
5.54
5.42
5.33
5.13
4.2
4.16
3.94
2.84
2.54
2.49
2.49
2.77
4.15
4.11
4.13
4.24
4.31
4.31
4.26
4.21
4.1
4.09
6.19
6.19
6.24
5.75
4.74
3.6
2.9
2.81
2.73
2.66
2.55
2.48
2.4
2.35
2.3
2.24
2.2
2.14
2.07
2.01
2.03
2.1
2.19
2.28
2.38
2.49
2.58
2.69
2.79
3.17
3.31
3.53
3.79
3.96
3.96
3.95
3.93
3.9
3.88
3.86
3.85
3.84
3.82
3.82
3.81
3.82
3.94
4.15
6.42
6.42
6.43
6.42
6.39
6.39
6.37
6.38
6.35
6.37
6.35
6.36
6.35
6.36
6.35
6.32
6.32
6.31
6.28
6.28
6.27
6.25
6.24
6.22
6.23
6.22
6.19
6.05
5.89
5.88
5.64
5.54
5.46
5.32
5.13
4.27
4.12
4.19
4.25
4.26
3.9
4.01
2.48
2.64
3.23
4.02
4.14
4.28
4.26
4.23
4.17
4.07
4.03
6.17
6.19
5.79
4.98
4.26
2.97
2.89
2.8
2.72
2.62
2.53
2.43
2.41
2.36
2.29
2.25
2.2
2.12
2.03
1.99
2.02
2.16
2.2
2.29
2.39
2.44
2.54
2.65
2.77
3.09
3.23
3.44
3.72
3.92
3.94
3.92
3.91
3.87
3.86
3.83
3.83
3.81
3.8
3.8
3.79
3.8
3.81
4.0
6.71
6.8
6.8
6.77
6.73
6.75
6.74
6.73
6.7
6.69
6.71
6.69
6.66
6.64
6.68
6.65
6.66
6.62
6.64
6.61
6.61
6.61
6.59
6.58
6.52
6.52
6.25
6.12
5.85
5.82
5.58
5.45
5.4
5.25
5.03
4.1
4.09
4.16
4.26
4.24
3.66
3.17
2.55
3.12
3.91
4.0
4.12
4.25
4.23
4.21
4.15
4.05
4.0
6.12
6.11
5.58
4.88
4.34
2.9
2.87
2.73
2.7
2.6
2.53
2.43
2.37
2.33
2.27
2.22
2.13
2.1
2.02
1.98
2.03
2.15
2.19
2.27
2.38
2.43
2.53
2.64
2.76
3.09
3.21
3.41
3.71
3.9
3.92
3.9
3.85
3.85
3.83
3.81
3.8
3.79
3.78
3.77
3.77
3.77
3.91
5.29
7.31
7.3
7.27
7.25
7.25
7.24
7.23
7.16
7.16
7.17
7.14
7.12
7.14
7.09
7.12
7.08
7.08
7.02
7.09
7.09
7.05
7.03
7.02
6.92
6.69
6.69
6.23
6.09
5.85
5.7
5.52
5.4
5.34
5.2
4.65
4.06
4.06
4.16
4.08
3.86
2.91
2.6
2.53
2.54
2.56
2.55
2.86
4.2
4.2
4.12
4.1
4.01
3.99
6.08
6.09
5.18
4.83
4.11
2.87
2.81
2.74
2.66
2.56
2.52
2.41
2.36
2.3
2.28
2.23
2.17
2.11
2.0
1.97
2.03
2.07
2.15
2.23
2.32
2.43
2.53
2.64
2.75
3.09
3.22
3.46
3.74
3.88
3.89
3.87
3.84
3.66
0.92
0.87
0.81
0.78
0.68
0.79
0.79
0.81
0.81
0.82
0.83
0.87
0.91
0.9700001
1.06
1.08
1.14
1.22
1.2
1.15
1.17
1.14
1.11
1.09
1.07
1.05
1.04
1.05
1.06
1.07
1.1
1.12
1.26
1.34
6.45
6.77
6.41
6.07
5.84
5.66
5.48
5.35
5.29
5.16
4.89
3.96
3.83
3.19
2.68
2.62
2.59
2.57
2.55
2.5
2.48
2.47
2.47
3.79
4.16
4.12
4.07
3.96
3.93
5.26
5.16
4.84
4.77
3.65
3.47
2.83
2.73
2.66
2.55
2.47
2.43
2.35
2.29
2.22
2.18
2.09
2.07
1.98
1.95
1.99
2.08
2.15
2.25
2.34
2.46
2.52
2.65
2.75
3.0
3.27
3.39
3.77
3.86
3.87
3.85
3.82
3.78
3.77
3.75
3.74
3.74
3.73
3.71
3.71
3.72
3.93
4.35
7.48
7.49
7.5
7.52
7.54
7.56
7.33
1.68
3.82
7.77
7.79
7.8
7.89
7.94
7.84
2.95
2.88
3.1
7.82
7.64
7.31
7.26
7.25
7.15
6.84
6.79
6.11
5.78
5.8
5.56
5.43
5.34
5.21
5.11
4.25
4.01
3.99
4.05
4.15
4.19
4.19
4.19
4.06
3.99
3.94
3.93
4.08
4.13
1.33
1.18
1.04
1.0
0.9700001
4.77
4.76
4.74
4.73
4.28
3.17
2.75
2.72
2.59
2.57
2.47
2.41
2.3
2.29
2.23
2.14
2.14
2.06
1.96
1.94
1.99
2.06
2.16
2.25
2.37
2.41
2.55
2.72
2.74
3.03
3.26
3.35
3.69
3.84
3.82
3.81
3.8
3.77
3.76
3.73
3.73
3.71
3.7
3.69
3.69
3.7
3.82
5.07
7.13
4.7
4.33
4.42
4.49
4.58
5.51
1.67
1.86
7.72
7.75
7.77
7.84
7.92
7.94
7.9
4.03
4.84
7.93
7.91
7.35
7.22
7.23
7.2
7.27
7.22
6.15
4.64
2.05
2.4
5.17
5.28
5.14
5.05
4.19
3.99
3.97
4.01
4.12
4.16
4.17
4.11
3.99
3.94
3.9
3.94
4.06
2.86
1.86
1.82
2.0
2.16
2.22
4.66
4.66
4.74
4.67
3.47
3.15
2.73
2.7
2.63
2.49
2.47
2.38
2.33
2.28
2.22
2.17
2.13
2.05
1.95
1.93
1.96
2.05
2.12
2.21
2.34
2.43
2.57
2.61
2.7
3.03
3.29
3.32
3.64
3.83
3.82
3.81
3.76
3.76
3.72
3.72
3.71
3.69
3.69
3.68
3.68
3.68
3.73
5.34
5.33
3.93
3.64
3.67
3.68
3.95
4.09
1.73
1.76
7.67
7.7
7.74
7.82
7.87
7.88
7.46
3.19
3.26
6.83
7.42
7.16
7.16
7.09
5.4
2.52
2.48
3.95
2.13
1.56
3.04
2.46
5.25
5.17
5.05
4.53
3.96
3.96
4.04
4.14
4.15
4.15
4.1
4.02
3.9
3.89
4.04
4.05
4.1
4.05
4.0
3.94
3.9
3.86
4.64
4.65
4.72
4.64
3.71
3.33
2.76
2.69
2.57
2.46
2.42
2.33
2.3
2.27
2.22
2.17
2.11
1.95
1.95
1.93
1.97
2.03
2.13
2.21
2.28
2.43
2.51
2.64
2.72
3.09
3.15
3.41
3.66
3.8
3.81
3.78
3.76
3.73
3.71
3.69
3.69
3.68
3.67
3.66
3.66
3.66
3.74
4.25
3.97
3.66
3.64
3.65
3.67
3.97
5.49
1.66
1.75
7.64
7.66
7.71
7.78
7.81
6.93
3.93
2.71
2.88
3.92
4.57
6.83
7.0
5.4
2.97
2.22
2.36
4.27
1.54
1.53
1.56
1.58
1.63
1.71
1.99
2.19
3.45
3.78
4.03
4.11
4.12
4.11
4.05
3.96
3.87
3.85
3.6
3.12
3.01
2.99
2.98
2.98
3.49
3.84
4.62
4.66
4.69
4.56
3.4
2.78
2.75
2.67
2.59
2.51
2.42
2.36
2.28
2.24
2.2
2.14
2.1
1.97
1.93
1.92
1.98
2.08
2.16
2.24
2.35
2.39
2.49
2.62
2.7
3.05
3.19
3.43
3.67
3.79
3.79
3.77
3.73
3.72
3.69
3.68
3.67
3.66
3.65
3.64
3.65
3.64
3.89
5.38
3.84
3.59
3.59
3.58
3.59
3.61
3.71
2.67
1.71
7.59
7.63
7.66
7.74
7.78
7.82
7.48
5.51
4.16
2.51
2.21
2.22
2.22
2.32
2.2
1.71
1.6
1.56
1.53
1.48
1.44
1.41
1.39
1.4
1.42
1.46
1.56
1.62
1.86
2.09
2.22
2.74
2.87
3.93
4.03
4.02
4.04
4.05
4.05
4.04
3.98
3.93
3.84
3.81
4.61
4.63
4.68
4.63
3.72
2.79
2.7
2.64
2.57
2.47
2.41
2.32
2.27
2.22
2.19
2.14
2.1
2.03
1.93
1.91
1.97
2.05
2.14
2.21
2.31
2.42
2.53
2.67
2.74
3.08
3.23
3.52
3.65
3.76
3.78
3.75
3.73
3.7
3.69
3.67
3.66
3.65
3.64
3.63
3.64
3.64
3.83
5.39
3.56
3.56
3.56
3.57
3.57
3.58
3.59
2.49
1.67
7.53
7.59
7.63
7.71
7.74
7.68
7.09
4.45
2.05
1.98
1.9
1.83
1.84
1.86
1.84
1.66
1.64
1.61
1.6
1.61
1.66
1.69
1.66
1.63
1.59
1.56
1.52
1.52
1.54
1.55
1.57
1.59
1.64
1.83
2.02
2.21
3.13
3.67
4.03
4.01
3.96
3.91
3.67
2.29
4.6
4.64
4.67
4.65
4.01
2.97
2.72
2.63
2.57
2.46
2.41
2.32
2.27
2.22
2.16
2.12
2.08
1.96
1.91
1.91
1.97
2.06
2.1
2.2
2.27
2.4
2.48
2.62
2.71
3.07
3.16
3.45
3.67
3.77
3.76
3.73
3.71
3.69
3.67
3.66
3.65
3.64
3.63
3.62
3.62
3.62
3.74
5.26
3.69
3.55
3.55
3.56
3.56
3.57
3.58
2.47
1.68
6.91
7.57
7.6
7.65
7.41
3.6
2.64
2.27
2.11
2.04
2.02
1.99
1.96
1.96
1.99
2.01
1.98
1.94
1.89
1.86
1.79
1.77
1.71
1.67
1.63
1.6
1.54
1.52
1.53
1.55
1.58
1.6
1.63
1.7
1.77
1.84
1.94
1.94
2.42
3.14
3.95
3.88
3.63
3.53
4.59
4.63
4.66
4.64
3.76
2.89
2.7
2.64
2.57
2.48
2.4
2.34
2.26
2.21
2.16
2.11
2.07
1.94
1.9
1.91
1.95
2.02
2.12
2.2
2.29
2.41
2.49
2.64
2.71
3.07
3.2
3.5
3.69
3.76
3.75
3.72
3.7
3.68
3.67
3.65
3.64
3.63
3.62
3.61
3.61
3.61
3.78
4.99
3.62
3.54
3.54
3.55
3.56
3.57
3.57
2.79
1.61
1.89
7.52
7.25
5.38
3.23
2.76
2.57
2.48
2.51
2.5
2.48
2.34
2.31
2.26
2.17
2.05
2.07
1.98
1.92
1.86
1.8
1.76
1.69
1.65
1.61
1.58
1.52
1.52
1.51
1.55
1.57
1.59
1.61
1.69
1.75
1.82
1.87
1.92
2.41
3.48
3.88
3.82
3.72
3.55
4.59
4.59
4.61
4.49
3.33
2.75
2.68
2.6
2.54
2.44
2.36
2.32
2.26
2.22
2.17
2.12
2.08
1.98
1.91
1.89
1.97
2.05
2.14
2.21
2.33
2.43
2.53
2.66
2.76
2.97
3.14
3.43
3.66
3.75
3.75
3.72
3.71
3.68
3.66
3.64
3.63
3.62
3.61
3.6
3.6
3.61
3.76
4.0
3.83
3.54
3.54
3.54
3.55
3.56
3.57
3.5
1.66
1.83
1.78
1.78
1.66
1.66
1.64
1.7
1.81
2.0
1.96
2.01
2.16
2.24
2.25
2.18
2.06
2.03
1.98
1.91
1.86
1.79
1.75
1.68
1.65
1.6
1.57
1.54
1.52
1.5
1.54
1.56
1.58
1.61
1.7
1.74
1.18
0.86
0.86
2.43
3.58
3.5
3.4
3.33
3.22
4.57
4.58
4.5
4.27
1.72
1.78
1.88
1.94
2.18
2.43
2.37
2.33
2.26
2.22
2.16
2.12
2.07
1.94
1.9
1.92
1.95
2.02
2.12
2.19
2.29
2.39
2.49
2.61
2.71
3.06
3.19
3.48
3.7
3.75
3.74
3.72
3.69
3.67
3.66
3.64
3.63
3.62
3.61
3.6
3.6
3.6
3.78
5.35
3.81
3.54
3.54
3.55
3.55
3.56
3.57
2.64
1.97
1.59
1.58
1.58
1.58
1.58
1.58
1.58
1.6
1.62
1.64
1.66
1.84
1.88
2.18
2.15
2.03
2.03
1.95
1.93
1.86
1.81
1.75
1.7
1.65
1.61
1.58
1.53
1.51
1.52
1.55
1.57
1.59
1.63
1.71
1.77
1.83
1.85
1.9
2.31
3.18
3.17
3.14
3.06
3.04
4.41
4.41
4.14
3.99
3.25
2.75
2.68
2.61
2.55
2.45
2.39
2.29
2.25
2.19
2.14
2.09
2.05
1.92
1.89
1.93
1.95
2.02
2.1
2.21
2.29
2.39
2.49
2.63
2.71
3.08
3.2
3.45
3.7
3.75
3.73
3.7
3.69
3.67
3.65
3.63
3.62
3.62
3.6
3.59
3.6
3.6
3.72
4.63
3.62
3.53
3.54
3.55
3.55
3.56
3.56
3.34
1.87
1.56
1.56
1.55
1.56
1.55
1.56
1.56
1.56
1.57
1.57
1.58
1.59
1.64
1.9
2.14
2.05
2.02
1.99
1.92
1.86
1.78
1.74
1.67
1.63
1.6
1.57
1.53
1.51
1.5
1.53
1.54
1.58
1.62
1.69
1.75
1.79
1.87
1.91
2.66
3.16
3.11
3.07
3.01
2.99
4.2
4.16
3.98
3.69
2.96
2.73
2.66
2.59
2.52
2.44
2.38
2.32
2.25
2.21
2.17
2.11
2.07
1.93
1.89
1.9
1.97
2.06
2.15
2.23
2.33
2.44
2.54
2.67
2.71
2.99
3.14
3.38
3.66
3.74
3.73
3.71
3.69
3.66
3.65
3.63
3.62
3.61
3.59
3.58
3.6
3.6
3.84
4.15
4.03
3.62
3.54
3.54
3.55
3.56
3.56
3.56
1.83
1.56
1.56
1.56
1.56
1.56
1.57
1.57
1.57
1.58
1.59
1.59
1.68
1.96
2.19
2.12
2.03
2.04
1.96
1.91
1.83
1.8
1.74
1.69
1.64
1.61
1.56
1.51
1.5
1.51
1.55
1.57
1.59
1.62
1.69
1.76
1.78
1.85
1.91
2.47
3.13
3.13
3.09
3.02
3.0
4.53
4.54
4.52
4.36
3.16
2.75
2.68
2.61
2.53
2.43
2.38
2.28
2.24
2.2
2.15
2.1
2.04
1.92
1.89
1.92
1.95
2.01
2.11
2.2
2.29
2.41
2.51
2.62
2.73
3.06
3.19
3.45
3.69
3.74
3.73
3.7
3.69
3.66
3.65
3.63
3.62
3.61
3.59
3.58
3.6
3.59
3.69
4.12
4.08
3.74
3.53
3.54
3.55
3.55
3.56
3.49
1.68
1.58
1.57
1.58
1.63
1.61
1.64
1.64
1.66
1.7
1.75
1.68
1.64
1.7
1.99
2.16
2.02
2.03
1.95
1.9
1.84
1.78
1.73
1.66
1.63
1.59
1.56
1.53
1.5
1.5
1.52
1.53
1.57
1.61
1.68
1.74
1.8
1.88
1.94
2.66
3.16
3.11
3.07
3.01
2.99
4.61
4.62
4.61
4.4
3.04
2.72
2.65
2.59
2.52
2.43
2.39
2.3
2.25
2.21
2.16
2.11
2.07
1.93
1.9
1.9
1.97
2.04
2.16
2.24
2.33
2.44
2.55
2.69
2.76
2.98
3.15
3.38
3.67
3.75
3.73
3.71
3.68
3.66
3.65
3.63
3.62
3.61
3.59
3.58
3.6
3.6
3.89
4.34
4.08
3.75
3.53
3.54
3.54
3.55
3.56
3.56
1.82
1.94
2.2
1.97
3.54
3.35
3.94
2.84
2.48
2.02
2.12
1.95
1.77
1.91
2.06
2.15
2.02
2.01
1.95
1.89
1.84
1.76
1.74
1.68
1.62
1.59
1.55
1.52
1.5
1.5
1.54
1.55
1.57
1.61
1.68
1.73
1.79
1.87
1.91
2.87
3.11
3.13
3.09
3.01
2.99
4.61
4.64
4.63
4.53
3.32
2.76
2.68
2.6
2.54
2.43
2.36
2.29
2.24
2.19
2.14
2.1
2.05
1.92
1.89
1.91
1.94
2.02
2.11
2.21
2.29
2.41
2.51
2.63
2.72
3.08
3.22
3.47
3.69
3.75
3.73
3.71
3.68
3.67
3.65
3.64
3.63
3.62
3.6
3.59
3.6
3.6
3.83
4.67
4.09
3.81
3.53
3.54
3.55
3.56
3.56
2.79
1.61
1.6
4.54
5.34
4.39
4.68
4.21
3.83
2.75
2.12
2.17
2.09
1.72
2.03
2.2
2.13
2.01
2.01
1.93
1.91
1.83
1.79
1.73
1.68
1.63
1.6
1.56
1.51
1.5
1.51
1.55
1.56
1.59
1.64
1.7
1.76
1.83
1.9
1.92
2.37
3.14
3.12
3.08
3.01
2.97
4.64
4.65
4.61
4.53
3.32
2.76
2.68
2.61
2.55
2.45
2.38
2.28
2.25
2.2
2.15
2.1
1.48
1.78
1.65
1.9
2.0
2.04
2.13
2.21
2.3
2.42
2.52
2.64
2.72
3.1
3.23
3.51
3.7
3.75
3.74
3.72
3.7
3.67
3.66
3.64
3.63
3.62
3.61
3.6
3.61
3.6
4.02
4.78
4.07
3.76
3.54
3.55
3.55
3.56
3.57
3.48
1.72
1.63
1.63
1.64
1.64
1.65
1.64
1.66
1.67
1.7
1.75
1.76
1.65
1.74
2.14
2.13
2.03
2.0
1.93
1.88
1.83
1.76
1.72
1.65
1.63
1.58
1.56
1.5
1.5
1.52
1.55
1.56
1.59
1.61
1.69
1.76
1.82
1.83
1.61
1.41
1.42
1.45
1.53
2.55
2.68
4.62
4.64
4.64
4.47
3.14
2.74
2.67
2.59
2.52
2.42
2.36
2.28
2.24
2.21
2.16
2.12
2.07
1.94
1.91
1.91
1.97
2.04
2.14
2.24
2.33
2.45
2.55
2.69
2.78
3.15
3.3
3.61
3.67
3.76
3.75
3.73
3.7
3.68
3.67
3.65
3.64
3.63
3.61
3.6
3.61
3.61
3.77
4.55
4.02
3.64
3.55
3.55
3.56
3.57
3.57
3.19
1.73
1.66
1.62
1.61
1.64
1.62
1.64
1.74
1.88
1.79
1.84
1.77
1.77
1.93
2.08
2.17
2.02
2.02
1.94
1.89
1.82
1.77
1.73
1.66
1.63
1.59
1.55
1.5
1.5
1.54
1.55
1.57
1.58
1.62
1.7
1.76
1.81
1.88
1.94
2.82
3.17
3.12
3.09
3.0
2.46
4.62
4.63
4.63
4.47
2.98
2.73
2.68
2.6
2.53
2.44
2.37
2.28
2.24
2.2
2.15
2.11
2.04
1.93
1.91
1.93
2.01
2.07
2.2
2.28
2.31
2.42
2.53
2.65
2.75
3.11
3.22
3.56
3.73
3.77
3.75
3.73
3.71
3.69
3.67
3.65
3.64
3.63
3.63
3.61
3.62
3.62
3.66
4.27
4.11
3.84
3.56
3.56
3.57
3.58
3.58
2.56
1.68
4.61
5.04
5.12
5.09
5.07
5.21
3.79
2.88
2.43
2.16
2.23
1.8
1.92
2.21
2.12
2.04
1.99
1.94
1.88
1.82
1.77
1.74
1.69
1.64
1.6
1.56
1.52
1.5
1.51
1.55
1.55
1.59
1.63
1.71
1.77
1.83
1.89
2.07
2.25
1.65
1.45
1.41
1.4
1.41
4.52
4.52
4.45
3.76
2.82
2.73
2.67
2.64
2.57
2.47
2.41
2.32
2.27
2.21
2.17
2.12
2.08
1.94
1.91
1.94
2.0
2.07
2.2
2.27
2.37
2.49
2.53
2.64
2.76
3.13
3.21
3.47
3.7
3.78
3.76
3.74
3.72
3.7
3.68
3.67
3.65
3.64
3.63
3.63
3.63
3.63
3.64
4.06
4.09
3.73
3.58
3.58
3.59
3.59
3.6
2.3
1.63
4.12
4.32
4.31
4.37
4.34
4.38
3.9
2.9
2.35
2.15
1.95
1.69
1.77
2.17
2.14
2.05
2.03
1.95
1.9
1.83
1.79
1.74
1.67
1.64
1.6
1.57
1.51
1.51
1.53
1.54
1.57
1.61
1.64
1.73
1.75
1.8
1.88
1.92
2.9
3.18
3.14
3.1
3.02
2.99
4.11
4.11
3.97
3.7
2.84
2.76
2.71
2.61
2.54
2.48
2.38
2.33
2.27
2.22
2.16
2.12
2.07
1.93
1.93
1.92
1.98
2.07
2.17
2.24
2.35
2.46
2.56
2.7
2.78
3.11
3.22
3.44
3.59
3.71
3.65
3.65
3.63
3.63
3.63
3.62
3.61
3.62
3.61
3.62
3.62
3.62
3.62
3.71
3.85
3.6
3.58
3.59
3.58
3.58
3.56
2.97
1.74
3.42
3.71
3.74
3.74
3.76
3.76
3.33
2.82
2.25
2.22
2.16
1.73
1.84
2.22
2.11
2.03
2.03
1.96
1.91
1.83
1.78
1.74
1.69
1.64
1.61
1.57
1.52
1.51
1.53
1.56
1.57
1.62
1.65
1.74
1.76
1.83
1.89
1.92
2.89
3.2
3.15
3.1
3.02
3.0
3.71
3.72
3.53
3.21
2.84
2.78
2.71
2.63
2.57
2.48
2.41
2.31
2.28
2.23
2.18
2.13
2.08
1.95
1.92
1.97
1.99
2.07
2.18
2.26
2.34
2.46
2.57
2.7
2.79
3.08
3.17
3.3
3.32
3.29
3.26
3.24
3.28
3.25
3.27
3.27
3.3
3.3
3.37
3.53
3.59
3.58
3.59
3.58
3.73
3.59
3.56
3.55
3.55
3.54
3.53
2.16
1.64
3.52
3.57
3.56
3.57
3.6
3.6
3.07
2.82
2.21
2.14
2.09
1.76
1.83
2.13
2.16
2.05
2.04
1.95
1.9
1.83
1.79
1.74
1.67
1.63
1.59
1.56
1.52
1.51
1.53
1.57
1.59
1.6
1.64
1.72
1.79
1.83
1.9
2.01
3.01
3.23
3.21
3.16
3.06
3.01
3.08
3.05
2.93
2.88
2.83
2.77
2.73
2.67
2.58
2.49
2.43
2.33
2.29
2.24
2.19
2.14
2.08
1.96
1.94
1.98
2.04
2.12
2.18
2.27
2.35
2.49
2.56
2.66
2.74
2.91
2.9
2.91
2.97
3.11
3.12
3.05
3.05
3.06
3.07
3.09
3.06
3.11
3.13
3.24
3.23
3.21
3.13
3.1
3.4
3.39
3.35
3.33
3.32
3.33
3.11
1.7
1.65
3.07
3.21
3.14
3.09
3.08
3.01
2.92
2.84
2.38
2.24
2.28
1.81
1.77
2.08
2.18
2.07
2.04
1.96
1.91
1.84
1.81
1.76
1.7
1.65
1.62
1.59
1.54
1.52
1.54
1.58
1.59
1.62
1.67
1.77
1.79
1.86
1.91
2.03
2.81
3.05
3.16
3.19
3.07
3.01
2.77
2.8
2.71
2.66
2.67
2.69
2.69
2.62
2.57
2.49
2.43
2.34
2.29
2.24
2.19
2.17
2.12
2.01
1.95
1.95
2.03
2.11
2.22
2.28
2.37
2.47
2.56
2.63
2.65
2.7
2.7
2.73
2.78
2.84
2.9
2.89
2.9
2.89
2.92
2.96
2.96
2.98
3.03
3.12
3.08
2.99
2.87
2.93
3.14
3.17
3.18
3.16
3.13
3.13
3.12
1.79
1.64
2.86
2.86
2.81
2.82
2.84
2.8
2.81
2.77
2.29
2.34
2.35
1.77
1.9
2.24
2.21
2.07
2.08
1.99
1.92
1.86
1.8
1.75
1.7
1.65
1.61
1.58
1.53
1.53
1.56
1.58
1.61
1.64
1.69
1.72
1.8
1.85
1.92
1.99
2.53
2.89
2.94
2.97
2.93
2.79
2.53
2.53
2.47
2.46
2.51
2.53
2.53
2.51
2.49
2.48
2.43
2.36
2.31
2.27
2.21
2.16
2.1
1.97
1.96
1.97
2.04
2.12
2.23
2.3
2.39
2.46
2.48
2.5
2.47
2.5
2.52
2.53
2.56
2.64
2.67
2.7
2.7
2.68
2.72
2.78
2.78
2.79
2.87
2.92
2.87
2.8
2.75
2.67
2.83
2.87
2.95
2.89
2.87
2.92
2.07
1.78
1.65
2.54
2.58
2.58
2.61
2.6
2.58
2.58
2.66
2.24
2.21
2.14
1.95
2.02
2.24
2.15
2.07
2.05
1.93
1.92
1.86
1.81
1.76
1.7
1.65
1.62
1.59
1.54
1.53
1.57
1.6
1.62
1.66
1.7
1.77
1.81
1.85
1.93
2.01
2.46
2.67
2.74
2.78
2.24
2.06
2.26
2.24
2.25
2.24
2.27
2.33
2.34
2.32
2.31
2.31
2.29
2.28
2.26
2.24
2.19
2.14
2.05
1.98
1.95
2.01
2.03
2.1
2.18
2.25
2.28
2.29
2.29
2.29
2.27
2.31
2.31
2.32
2.34
2.39
2.41
2.42
2.43
2.42
2.44
2.47
2.48
2.49
2.54
2.54
2.51
2.5
2.48
2.4
2.53
2.53
2.56
2.54
2.51
2.51
2.11
1.68
1.72
2.33
2.31
2.31
2.32
2.31
2.31
2.35
2.41
2.19
2.12
2.15
1.78
1.84
2.15
2.19
2.08
2.03
1.98
1.91
1.89
1.82
1.78
1.71
1.67
1.63
1.61
1.55
1.54
1.56
1.6
1.62
1.66
1.69
1.78
1.84
1.9
2.0
2.04
2.44
2.54
2.61
2.57
1.9
1.95
2.05
2.04
2.03
2.04
2.08
2.1
2.1
2.1
2.11
2.11
2.1
2.08
2.08
2.07
2.07
2.09
2.03
1.97
1.96
1.98
2.03
2.07
2.07
2.06
2.08
2.08
2.07
2.08
2.06
2.05
2.06
2.08
2.11
2.13
2.15
2.13
2.15
2.16
2.19
2.19
2.21
2.22
2.23
2.21
2.18
2.17
2.14
2.11
2.15
2.17
2.18
2.19
2.18
2.17
1.87
1.69
1.71
2.09
2.08
2.09
2.08
2.09
2.08
2.08
2.14
2.13
2.11
2.11
1.72
1.73
2.14
2.14
2.06
2.05
2.0
1.93
1.86
1.81
1.77
1.7
1.68
1.66
1.62
1.56
1.55
1.58
1.61
1.64
1.68
1.62
1.27
0.98
0.86
0.84
0.81
0.78
0.77
0.95
1.09
1.65
1.94
1.86
1.88
1.86
1.87
1.89
1.91
1.91
1.9
1.91
1.9
1.9
1.91
1.92
1.92
1.93
1.92
1.91
1.92
1.92
1.9
1.9
1.89
1.9
1.89
1.89
1.9
1.88
1.89
1.88
1.89
1.89
1.91
1.92
1.95
1.95
1.95
1.95
1.96
1.96
1.95
1.97
1.98
1.98
1.98
1.96
1.94
1.91
1.91
1.93
1.94
1.95
1.94
1.93
1.93
1.74
1.71
1.7
1.9
1.91
1.91
1.9
1.91
1.91
1.93
1.95
1.94
1.99
1.97
1.72
1.72
1.9
2.01
2.01
2.0
1.98
1.91
1.88
1.83
1.79
1.71
1.68
1.64
1.61
1.58
1.57
1.6
1.64
1.67
1.73
1.75
1.85
1.91
1.95
1.98
2.03
2.23
2.22
1.89
1.32
1.18
1.0
1.78
1.78
1.77
1.77
1.79
1.79
1.8
1.81
1.8
1.79
1.81
1.83
1.83
1.83
1.83
1.84
1.82
1.8
1.8
1.8
1.81
1.81
1.81
1.81
1.81
1.8
1.81
1.79
1.8
1.8
1.81
1.83
1.83
1.84
1.84
1.85
1.86
1.85
1.85
1.84
1.86
1.86
1.87
1.85
1.84
1.84
1.84
1.81
1.81
1.83
1.84
1.84
1.82
1.82
1.73
1.69
1.8
1.82
1.81
1.82
1.82
1.83
1.82
1.83
1.87
1.86
1.85
1.87
1.75
1.73
1.82
1.89
1.91
1.92
1.93
1.91
1.87
1.82
1.79
1.73
1.69
1.65
1.62
1.59
1.57
1.6
1.65
1.68
1.72
1.76
1.83
1.89
1.92
1.97
2.02
2.11
2.07
1.68
1.45
1.22
0.05
1.68
1.67
1.67
1.68
1.67
1.69
1.69
1.69
1.71
1.71
1.71
1.7
1.7
1.71
1.72
1.73
1.72
1.72
1.72
1.71
1.72
1.71
1.71
1.71
1.71
1.71
1.71
1.71
1.71
1.7
1.72
1.72
1.71
1.72
1.73
1.74
1.73
1.73
1.73
1.73
1.74
1.74
1.74
1.75
1.74
1.73
1.73
1.71
1.72
1.73
1.72
1.73
1.72
1.72
1.71
1.69
1.71
1.72
1.73
1.73
1.72
1.73
1.74
1.74
1.76
1.77
1.77
1.77
1.74
1.73
1.75
1.79
1.79
1.81
1.81
1.81
1.82
1.81
1.78
1.73
1.7
1.67
1.64
1.59
1.58
1.64
1.69
1.71
1.73
1.76
1.82
1.87
1.89
1.88
1.9
1.85
1.76
1.49
1.45
0.47
0.0
1.55
1.55
1.55
1.56
1.56
1.57
1.57
1.57
1.57
1.58
1.57
1.58
1.59
1.6
1.6
1.6
1.58
1.58
1.58
1.57
1.56
1.57
1.57
1.57
1.57
1.57
1.57
1.57
1.56
1.56
1.57
1.57
1.57
1.58
1.58
1.58
1.58
1.57
1.58
1.58
1.58
1.58
1.58
1.59
1.58
1.58
1.57
1.57
1.57
1.58
1.58
1.58
1.58
1.58
1.6
1.62
1.59
1.6
1.59
1.59
1.59
1.59
1.6
1.59
1.6
1.61
1.61
1.62
1.63
1.65
1.64
1.63
1.65
1.66
1.66
1.66
1.66
1.67
1.67
1.69
1.68
1.65
1.64
1.6
1.6
1.64
1.67
1.69
1.71
1.71
1.72
1.72
1.73
1.72
1.72
1.61
1.46
1.5
1.65
0.04
1.2
1.48
1.48
1.48
1.48
1.48
1.48
1.49
1.49
1.49
1.5
1.5
1.5
1.51
1.52
1.52
1.52
1.51
1.51
1.51
1.5
1.51
1.51
1.5
1.51
1.5
1.5
1.5
1.5
1.49
1.49
1.5
1.5
1.5
1.5
1.5
1.51
1.5
1.51
1.51
1.51
1.51
1.51
1.51
1.51
1.51
1.51
1.51
1.51
1.51
1.51
1.51
1.51
1.52
1.52
1.51
1.52
1.53
1.52
1.52
1.52
1.53
1.53
1.53
1.53
1.54
1.53
1.54
1.55
1.55
1.56
1.56
1.57
1.57
1.58
1.58
1.59
1.59
1.59
1.59
1.6
1.61
1.62
1.61
1.59
1.59
1.62
1.62
1.62
1.62
1.63
1.64
1.64
1.65
1.64
1.61
1.41
1.41
1.57
0.75
1.59
1.7
1.43
1.43
1.43
1.43
1.42
1.43
1.43
1.44
1.44
1.44
1.45
1.46
1.47
1.46
1.46
1.46
1.45
1.45
1.45
1.45
1.45
1.45
1.45
1.45
1.45
1.45
1.45
1.44
1.44
1.45
1.45
1.45
1.45
1.45
1.45
1.45
1.45
1.45
1.46
1.46
1.45
1.46
1.46
1.46
1.46
1.46
1.45
1.45
1.46
1.47
1.46
1.46
1.46
1.46
1.47
1.47
1.47
1.46
1.46
1.47
1.47
1.47
1.48
1.48
1.49
1.49
1.49
1.49
1.5
1.51
1.51
1.5
1.51
1.51
1.51
1.52
1.53
1.54
1.53
1.54
1.54
1.55
1.55
1.56
1.56
1.54
1.55
1.56
1.57
1.57
1.57
1.57
1.57
1.57
1.53
1.39
1.44
1.54
0.6
1.59
1.62
1.33
1.33
1.33
1.33
1.33
1.33
1.33
1.33
1.33
1.34
1.34
1.34
1.35
1.35
1.35
1.35
1.35
1.35
1.35
1.34
1.35
1.35
1.35
1.35
1.35
1.34
1.34
1.34
1.34
1.34
1.34
1.35
1.35
1.35
1.35
1.35
1.35
1.35
1.35
1.35
1.35
1.35
1.36
1.35
1.35
1.35
1.35
1.35
1.36
1.36
1.36
1.36
1.36
1.36
1.37
1.36
1.36
1.36
1.37
1.36
1.36
1.37
1.37
1.37
1.38
1.38
1.38
1.38
1.38
1.39
1.4
1.39
1.4
1.4
1.41
1.41
1.41
1.41
1.42
1.42
1.43
1.43
1.43
1.43
1.43
1.42
1.44
1.44
1.44
1.44
1.45
1.45
1.43
1.4
1.35
1.36
1.4
1.05
0.02
1.47
1.47
1.28
1.28
1.28
1.28
1.28
1.28
1.28
1.28
1.29
1.29
1.29
1.29
1.29
1.29
1.3
1.29
1.29
1.29
1.3
1.29
1.29
1.29
1.29
1.29
1.29
1.29
1.29
1.29
1.29
1.29
1.29
1.29
1.3
1.3
1.29
1.29
1.29
1.3
1.3
1.29
1.3
1.3
1.3
1.3
1.3
1.3
1.3
1.3
1.3
1.3
1.3
1.3
1.31
1.31
1.31
1.31
1.31
1.31
1.31
1.31
1.31
1.31
1.31
1.32
1.32
1.32
1.33
1.33
1.33
1.33
1.34
1.34
1.34
1.35
1.35
1.35
1.35
1.36
1.35
1.36
1.36
1.37
1.37
1.37
1.37
1.37
1.36
1.37
1.37
1.37
1.37
1.37
1.36
1.3
1.27
1.34
1.16
0.1
0.56
1.39
1.4
1.2
1.2
1.2
1.2
1.2
1.21
1.2
1.2
1.2
1.21
1.21
1.21
1.21
1.21
1.21
1.21
1.21
1.21
1.21
1.21
1.21
1.21
1.21
1.21
1.21
1.21
1.21
1.21
1.21
1.21
1.21
1.21
1.21
1.21
1.21
1.21
1.21
1.22
1.22
1.21
1.21
1.22
1.22
1.22
1.22
1.22
1.22
1.22
1.22
1.22
1.22
1.23
1.23
1.23
1.23
1.23
1.23
1.23
1.23
1.23
1.24
1.24
1.23
1.24
1.24
1.24
1.24
1.24
1.24
1.25
1.25
1.26
1.26
1.26
1.26
1.26
1.26
1.26
1.27
1.27
1.27
1.28
1.27
1.27
1.28
1.28
1.28
1.28
1.28
1.28
1.28
1.27
1.26
1.21
1.23
1.26
1.1
0.78
1.28
1.3
1.3
1.17
1.17
1.16
1.17
1.17
1.17
1.17
1.17
1.17
1.17
1.17
1.17
1.17
1.17
1.17
1.18
1.18
1.18
1.18
1.18
1.17
1.17
1.17
1.17
1.17
1.17
1.17
1.17
1.17
1.17
1.18
1.18
1.18
1.18
1.18
1.17
1.18
1.18
1.18
1.18
1.18
1.18
1.18
1.18
1.18
1.18
1.18
1.18
1.18
1.18
1.19
1.19
1.19
1.19
1.19
1.19
1.19
1.19
1.19
1.19
1.19
1.19
1.19
1.2
1.2
1.2
1.2
1.2
1.21
1.21
1.21
1.21
1.22
1.22
1.21
1.22
1.22
1.22
1.22
1.22
1.22
1.23
1.23
1.23
1.23
1.23
1.23
1.23
1.23
1.24
1.23
1.23
1.21
1.2
1.21
1.15
1.12
0.89
1.24
1.24
1.24
1.11
1.12
1.11
1.11
1.11
1.11
1.11
1.12
1.12
1.12
1.12
1.12
1.12
1.12
1.12
1.12
1.12
1.12
1.12
1.12
1.12
1.12
1.13
1.12
1.12
1.12
1.12
1.12
1.12
1.12
1.13
1.13
1.12
1.12
1.12
1.13
1.13
1.13
1.13
1.13
1.13
1.13
1.13
1.13
1.13
1.13
1.13
1.13
1.13
1.13
1.14
1.14
1.14
1.14
1.14
1.14
1.14
1.14
1.14
1.14
1.14
1.14
1.14
1.14
1.15
1.15
1.15
1.15
1.15
1.15
1.16
1.16
1.16
1.16
1.17
1.17
1.16
1.17
1.17
1.17
1.17
1.17
1.17
1.17
1.17
1.18
1.18
1.17
1.17
1.18
1.18
1.17
1.15
1.15
1.06
0.99
0.46
1.17
1.19
1.18
1.19
1.09
1.09
1.08
1.08
1.09
1.09
1.09
1.09
1.09
1.09
1.09
1.09
1.09
1.09
1.09
1.09
1.09
1.09
1.09
1.09
1.09
1.09
1.09
1.09
1.09
1.09
1.1
1.1
1.09
1.1
1.1
1.1
1.1
1.1
1.1
1.1
1.1
1.1
1.1
1.1
1.1
1.1
1.1
1.1
1.1
1.1
1.1
1.1
1.1
1.11
1.11
1.11
1.11
1.11
1.11
1.11
1.11
1.11
1.11
1.11
1.11
1.11
1.11
1.11
1.11
1.12
1.12
1.12
1.12
1.12
1.12
1.13
1.13
1.13
1.13
1.13
1.13
1.13
1.13
1.13
1.14
1.14
1.14
1.14
1.14
1.14
1.14
1.14
1.14
1.14
1.14
1.14
1.12
1.13
1.14
0.86
0.4
1.13
1.15
1.15
1.15
1.05
1.05
1.05
1.05
1.05
1.05
1.05
1.05
1.05
1.05
1.05
1.05
1.05
1.05
1.05
1.05
1.05
1.05
1.05
1.05
1.05
1.05
1.05
1.05
1.05
1.05
1.05
1.05
1.05
1.06
1.06
1.05
1.06
1.06
1.06
1.06
1.06
1.06
1.06
1.06
1.06
1.06
1.06
1.06
1.06
1.06
1.06
1.06
1.06
1.06
1.06
1.06
1.07
1.07
1.07
1.07
1.07
1.07
1.07
1.07
1.07
1.07
1.07
1.07
1.07
1.07
1.07
1.08
1.08
1.08
1.08
1.08
1.08
1.08
1.09
1.09
1.09
1.09
1.09
1.09
1.09
1.09
1.09
1.09
1.09
1.09
1.09
1.09
1.1
1.1
1.09
1.08
1.07
1.09
1.07
1.04
0.9700001
1.09
1.1
1.1
1.1
1.02
1.02
1.01
1.01
1.01
1.02
1.01
1.01
1.02
1.02
1.02
1.02
1.02
1.02
1.02
1.02
1.02
1.02
1.02
1.02
1.02
1.02
1.02
1.02
1.02
1.02
1.02
1.02
1.02
1.02
1.02
1.02
1.02
1.02
1.02
1.03
1.02
1.02
1.02
1.02
1.02
1.02
1.03
1.03
1.03
1.03
1.03
1.03
1.03
1.03
1.03
1.03
1.03
1.04
1.04
1.03
1.03
1.03
1.04
1.04
1.03
1.04
1.04
1.04
1.04
1.04
1.04
1.04
1.04
1.05
1.05
1.05
1.05
1.05
1.05
1.05
1.05
1.05
1.05
1.05
1.05
1.05
1.06
1.06
1.06
1.06
1.06
1.06
1.06
1.06
1.06
1.05
1.04
1.06
1.06
0.57
0.83
1.06
1.07
1.07
1.07
0.99
0.99
0.99
0.99
0.99
0.99
0.99
0.99
0.99
0.99
0.99
0.99
0.99
0.99
0.99
0.99
0.99
0.99
0.99
0.99
0.99
0.99
0.99
0.99
0.99
0.99
0.99
0.99
0.99
0.99
0.99
1.0
0.99
1.0
1.0
1.0
1.0
1.0
1.0
1.0
1.0
1.0
1.0
1.0
1.0
1.0
1.0
1.0
1.0
1.0
1.0
1.0
1.0
1.0
1.0
1.0
1.01
1.01
1.01
1.01
1.01
1.01
1.01
1.01
1.01
1.01
1.01
1.01
1.01
1.02
1.01
1.02
1.02
1.02
1.02
1.02
1.02
1.02
1.02
1.03
1.02
1.02
1.02
1.03
1.03
1.03
1.03
1.03
1.03
1.03
1.03
1.03
1.01
1.02
1.02
1.03
1.0
0.91
1.03
1.04
1.04
0.95
0.94
0.95
0.95
0.95
0.95
0.95
0.95
0.95
0.95
0.95
0.95
0.95
0.95
0.95
0.95
0.95
0.95
0.95
0.95
0.95
0.95
0.95
0.95
0.95
0.95
0.95
0.95
0.95
0.95
0.95
0.9599999
0.95
0.9599999
0.9599999
0.9599999
0.95
0.95
0.9599999
0.9599999
0.9599999
0.9599999
0.9599999
0.9599999
0.9599999
0.9599999
0.9599999
0.9599999
0.9599999
0.9599999
0.9599999
0.9599999
0.9599999
0.9599999
0.9599999
0.9599999
0.9599999
0.9700001
0.9599999
0.9700001
0.9599999
0.9700001
0.9599999
0.9700001
0.9700001
0.9700001
0.9700001
0.9700001
0.9700001
0.9700001
0.9700001
0.9700001
0.9700001
0.98
0.98
0.98
0.98
0.9700001
0.98
0.98
0.98
0.98
0.98
0.98
0.98
0.98
0.98
0.98
0.99
0.98
0.99
0.98
0.98
0.98
0.9700001
0.98
0.88
0.81
0.9700001
0.99
0.99
0.93
0.93
0.93
0.93
0.93
0.93
0.93
0.93
0.93
0.93
0.93
0.93
0.93
0.93
0.93
0.93
0.94
0.94
0.93
0.93
0.93
0.93
0.94
0.94
0.94
0.94
0.94
0.93
0.93
0.94
0.94
0.94
0.94
0.94
0.94
0.94
0.94
0.94
0.94
0.94
0.94
0.94
0.94
0.94
0.94
0.94
0.94
0.94
0.94
0.94
0.94
0.94
0.94
0.94
0.94
0.94
0.95
0.95
0.95
0.95
0.95
0.95
0.95
0.95
0.95
0.95
0.95
0.95
0.95
0.95
0.95
0.9599999
0.9599999
0.9599999
0.9599999
0.9599999
0.9599999
0.9599999
0.9599999
0.9599999
0.9599999
0.9599999
0.9599999
0.9599999
0.9599999
0.9599999
0.9599999
0.9700001
0.9599999
0.9700001
0.9700001
0.9700001
0.95
0.9599999
0.9599999
0.9599999
0.88
0.4
0.9700001
0.9700001
0.9700001
0.89
0.89
0.89
0.89
0.89
0.89
0.89
0.89
0.89
0.89
0.89
0.89
0.89
0.89
0.89
0.89
0.89
0.89
0.89
0.89
0.89
0.89
0.89
0.89
0.89
0.89
0.89
0.89
0.89
0.89
0.89
0.89
0.89
0.89
0.89
0.89
0.89
0.9
0.89
0.89
0.9
0.89
0.89
0.89
0.9
0.9
0.9
0.9
0.9
0.9
0.9
0.9
0.9
0.9
0.9
0.9
0.9
0.9
0.9
0.9
0.9
0.9
0.9
0.9
0.9
0.91
0.91
0.91
0.91
0.91
0.91
0.91
0.91
0.91
0.91
0.91
0.91
0.91
0.91
0.91
0.91
0.91
0.92
0.92
0.92
0.92
0.92
0.92
0.92
0.92
0.92
0.92
0.92
0.91
0.92
0.92
0.92
0.53
0.92
0.92
0.92
0.87
0.87
0.87
0.87
0.87
0.87
0.87
0.87
0.87
0.87
0.87
0.87
0.87
0.88
0.88
0.88
0.87
0.88
0.87
0.88
0.88
0.88
0.88
0.88
0.88
0.88
0.88
0.88
0.88
0.88
0.88
0.88
0.88
0.88
0.88
0.88
0.88
0.88
0.88
0.88
0.88
0.88
0.88
0.88
0.88
0.88
0.88
0.88
0.88
0.88
0.88
0.89
0.88
0.89
0.88
0.89
0.89
0.89
0.89
0.89
0.89
0.89
0.89
0.89
0.89
0.89
0.89
0.89
0.89
0.89
0.89
0.9
0.89
0.9
0.9
0.9
0.9
0.9
0.9
0.9
0.9
0.9
0.9
0.9
0.9
0.9
0.9
0.9
0.9
0.9
0.9
0.9
0.9
0.9
0.9
0.9
0.88
0.39
0.88
0.91
0.91
0.85
0.85
0.85
0.85
0.85
0.85
0.85
0.85
0.85
0.85
0.85
0.85
0.85
0.85
0.85
0.85
0.85
0.85
0.85
0.85
0.85
0.85
0.86
0.86
0.86
0.85
0.85
0.85
0.85
0.86
0.85
0.86
0.86
0.86
0.86
0.86
0.85
0.86
0.86
0.86
0.86
0.86
0.86
0.86
0.86
0.86
0.86
0.86
0.86
0.86
0.86
0.86
0.86
0.86
0.87
0.87
0.87
0.87
0.87
0.87
0.87
0.87
0.87
0.87
0.87
0.87
0.87
0.87
0.87
0.87
0.87
0.87
0.87
0.87
0.87
0.87
0.87
0.88
0.88
0.88
0.88
0.88
0.88
0.88
0.88
0.88
0.88
0.88
0.88
0.88
0.88
0.88
0.88
0.88
0.88
0.88
0.88
0.42
0.75
0.89
0.89
0.83
0.83
0.83
0.83
0.83
0.83
0.83
0.83
0.83
0.83
0.83
0.83
0.83
0.83
0.83
0.83
0.83
0.83
0.83
0.83
0.83
0.83
0.83
0.83
0.83
0.83
0.83
0.83
0.83
0.84
0.84
0.84
0.84
0.83
0.83
0.84
0.84
0.84
0.84
0.84
0.84
0.84
0.84
0.84
0.84
0.84
0.84
0.84
0.84
0.84
0.84
0.84
0.84
0.84
0.84
0.84
0.84
0.84
0.84
0.85
0.84
0.84
0.84
0.84
0.84
0.84
0.84
0.85
0.85
0.85
0.85
0.85
0.85
0.85
0.85
0.85
0.85
0.85
0.85
0.85
0.85
0.85
0.86
0.85
0.85
0.86
0.86
0.86
0.86
0.85
0.85
0.85
0.85
0.74
0.74
0.86
0.86
0.32
0.19
0.86
0.86
0.81
0.81
0.81
0.81
0.81
0.81
0.81
0.81
0.81
0.81
0.81
0.81
0.81
0.81
0.81
0.81
0.81
0.81
0.81
0.81
0.81
0.81
0.81
0.81
0.81
0.81
0.81
0.81
0.81
0.82
0.82
0.82
0.82
0.82
0.82
0.82
0.82
0.82
0.82
0.82
0.82
0.82
0.82
0.82
0.82
0.82
0.82
0.82
0.82
0.82
0.82
0.82
0.82
0.82
0.82
0.82
0.82
0.82
0.82
0.82
0.82
0.82
0.82
0.83
0.82
0.83
0.83
0.83
0.83
0.83
0.83
0.83
0.83
0.83
0.83
0.83
0.83
0.83
0.83
0.83
0.83
0.83
0.83
0.83
0.83
0.84
0.83
0.83
0.83
0.84
0.84
0.84
0.8
0.77
0.72
0.77
0.77
0.43
0.11
0.84
0.84
0.76
0.77
0.79
0.79
0.79
0.79
0.79
0.79
0.79
0.79
0.79
0.79
0.79
0.79
0.79
0.79
0.79
0.79
0.79
0.79
0.79
0.79
0.8
0.8
0.8
0.79
0.8
0.8
0.8
0.8
0.8
0.8
0.8
0.8
0.8
0.8
0.8
0.8
0.8
0.8
0.8
0.8
0.8
0.8
0.8
0.8
0.78
0.78
0.79
0.79
0.79
0.79
0.79
0.79
0.79
0.79
0.79
0.79
0.79
0.79
0.79
0.79
0.79
0.79
0.79
0.79
0.79
0.79
0.79
0.79
0.79
0.8
0.8
0.8
0.79
0.8
0.8
0.8
0.8
0.8
0.8
0.8
0.8
0.8
0.8
0.8
0.8
0.8
0.81
0.8
0.8
0.8
0.81
0.81
0.8
0.81
0.8
0.76
0.36
0.82
0.82
0.7
0.68
0.73
0.76
0.76
0.76
0.77
0.76
0.76
0.76
0.76
0.76
0.76
0.76
0.76
0.77
0.77
0.76
0.76
0.76
0.76
0.76
0.77
0.76
0.77
0.77
0.77
0.77
0.77
0.77
0.77
0.76
0.77
0.77
0.76
0.77
0.77
0.77
0.77
0.77
0.77
0.77
0.76
0.77
0.77
0.77
0.77
0.77
0.77
0.77
0.77
0.77
0.77
0.77
0.77
0.77
0.77
0.77
0.77
0.77
0.77
0.77
0.77
0.77
0.77
0.77
0.77
0.77
0.78
0.78
0.78
0.78
0.77
0.77
0.78
0.78
0.77
0.78
0.78
0.78
0.78
0.78
0.78
0.78
0.78
0.78
0.78
0.78
0.78
0.78
0.78
0.78
0.78
0.8
0.79
0.79
0.8
0.79
0.56
0.8
0.8
0.71
0.71
0.69
0.68
0.73
0.73
0.74
0.74
0.74
0.74
0.74
0.74
0.74
0.74
0.74
0.74
0.74
0.74
0.74
0.74
0.74
0.74
0.74
0.74
0.74
0.74
0.74
0.74
0.74
0.74
0.74
0.74
0.74
0.74
0.74
0.74
0.74
0.74
0.74
0.74
0.74
0.74
0.74
0.74
0.74
0.74
0.74
0.74
0.74
0.75
0.75
0.74
0.75
0.75
0.75
0.75
0.75
0.75
0.75
0.75
0.75
0.75
0.75
0.75
0.75
0.75
0.75
0.75
0.75
0.75
0.75
0.75
0.75
0.75
0.75
0.75
0.75
0.75
0.75
0.76
0.75
0.75
0.76
0.76
0.76
0.76
0.76
0.75
0.76
0.76
0.76
0.76
0.76
0.76
0.77
0.77
0.77
0.77
0.71
0.77
0.77
0.69
0.69
0.72
0.69
0.7
0.72
0.74
0.74
0.74
0.74
0.74
0.74
0.74
0.73
0.73
0.73
0.73
0.73
0.73
0.73
0.73
0.73
0.73
0.73
0.73
0.73
0.73
0.73
0.73
0.73
0.73
0.73
0.73
0.73
0.73
0.73
0.73
0.73
0.73
0.73
0.73
0.73
0.73
0.73
0.73
0.73
0.73
0.73
0.73
0.73
0.73
0.73
0.73
0.73
0.73
0.73
0.73
0.73
0.73
0.73
0.73
0.73
0.73
0.73
0.73
0.73
0.73
0.73
0.73
0.73
0.74
0.74
0.74
0.74
0.74
0.74
0.74
0.74
0.74
0.74
0.74
0.74
0.74
0.74
0.74
0.74
0.74
0.74
0.74
0.74
0.74
0.74
0.74
0.74
0.75
0.75
0.75
0.76
0.75
0.53
0.75
0.69
0.66
0.68
0.68
0.67
0.67
0.68
0.7
0.71
0.71
0.71
0.71
0.71
0.71
0.71
0.71
0.71
0.71
0.71
0.71
0.71
0.71
0.71
0.71
0.71
0.71
0.71
0.71
0.71
0.71
0.71
0.71
0.72
0.72
0.71
0.71
0.71
0.71
0.71
0.71
0.72
0.72
0.72
0.72
0.72
0.72
0.72
0.72
0.72
0.72
0.72
0.72
0.72
0.72
0.72
0.72
0.72
0.72
0.72
0.72
0.72
0.72
0.72
0.72
0.72
0.72
0.72
0.72
0.72
0.72
0.72
0.72
0.72
0.73
0.73
0.72
0.72
0.73
0.73
0.73
0.72
0.73
0.73
0.73
0.73
0.73
0.73
0.73
0.73
0.73
0.73
0.73
0.73
0.73
0.73
0.74
0.74
0.74
0.74
0.41
0.73
0.68
0.67
0.68
0.67
0.67
0.67
0.67
0.68
0.69
0.7
0.7
0.7
0.7
0.7
0.7
0.7
0.7
0.7
0.7
0.7
0.7
0.7
0.7
0.7
0.7
0.7
0.7
0.7
0.7
0.7
0.7
0.7
0.7
0.7
0.7
0.7
0.7
0.7
0.7
0.7
0.7
0.7
0.7
0.7
0.7
0.7
0.7
0.7
0.71
0.71
0.71
0.71
0.71
0.71
0.71
0.71
0.71
0.71
0.71
0.71
0.71
0.71
0.71
0.71
0.71
0.71
0.71
0.71
0.72
0.71
0.72
0.72
0.71
0.72
0.72
0.72
0.71
0.72
0.72
0.72
0.72
0.72
0.72
0.72
0.72
0.72
0.72
0.72
0.72
0.72
0.72
0.72
0.72
0.72
0.72
0.73
0.73
0.73
0.72
0.27
0.69
0.62
0.63
0.65
0.65
0.64
0.64
0.62
0.65
0.65
0.67
0.68
0.68
0.68
0.68
0.69
0.68
0.68
0.68
0.68
0.68
0.68
0.68
0.68
0.68
0.68
0.68
0.68
0.68
0.68
0.68
0.68
0.68
0.68
0.68
0.68
0.68
0.68
0.68
0.68
0.68
0.69
0.69
0.69
0.69
0.69
0.69
0.69
0.69
0.69
0.69
0.69
0.69
0.69
0.69
0.69
0.69
0.69
0.69
0.69
0.69
0.69
0.69
0.69
0.69
0.69
0.69
0.69
0.69
0.69
0.69
0.69
0.69
0.69
0.69
0.69
0.69
0.69
0.69
0.69
0.69
0.69
0.69
0.7
0.69
0.7
0.7
0.69
0.69
0.69
0.69
0.7
0.7
0.69
0.7
0.69
0.69
0.69
0.7
0.7
0.7
0.36
0.52
0.53
0.63
0.64
0.64
0.64
0.64
0.62
0.65
0.64
0.65
0.66
0.67
0.67
0.67
0.67
0.67
0.67
0.67
0.67
0.67
0.67
0.67
0.67
0.67
0.67
0.67
0.67
0.67
0.67
0.67
0.67
0.67
0.67
0.67
0.67
0.67
0.67
0.67
0.67
0.67
0.67
0.67
0.67
0.67
0.68
0.68
0.68
0.67
0.68
0.68
0.68
0.68
0.68
0.68
0.67
0.68
0.68
0.68
0.68
0.68
0.68
0.68
0.68
0.68
0.68
0.68
0.68
0.68
0.68
0.68
0.68
0.68
0.68
0.68
0.68
0.68
0.68
0.68
0.68
0.68
0.68
0.68
0.68
0.68
0.68
0.68
0.68
0.68
0.68
0.68
0.68
0.69
0.68
0.68
0.68
0.7
0.7
0.7
0.68
0.53
0.5
0.5
0.58
0.6
0.62
0.61
0.62
0.62
0.6
0.64
0.62
0.65
0.66
0.66
0.66
0.66
0.66
0.66
0.66
0.66
0.66
0.66
0.66
0.66
0.66
0.66
0.66
0.66
0.66
0.66
0.66
0.66
0.66
0.66
0.66
0.66
0.67
0.66
0.67
0.66
0.66
0.67
0.66
0.67
0.67
0.67
0.67
0.66
0.67
0.67
0.67
0.67
0.67
0.67
0.67
0.67
0.67
0.67
0.67
0.67
0.67
0.67
0.67
0.67
0.67
0.67
0.67
0.67
0.67
0.67
0.68
0.67
0.67
0.67
0.67
0.67
0.67
0.67
0.67
0.67
0.67
0.67
0.67
0.68
0.68
0.68
0.68
0.67
0.68
0.68
0.68
0.67
0.67
0.67
0.68
0.67
0.69
0.69
0.69
0.68
0.68
0.57
0.56
0.61
0.59
0.58
0.61
0.63
0.62
0.62
0.63
0.61
0.64
0.64
0.62
0.63
0.65
0.65
0.65
0.65
0.65
0.65
0.65
0.65
0.65
0.65
0.65
0.65
0.65
0.65
0.65
0.65
0.65
0.65
0.65
0.65
0.65
0.65
0.65
0.65
0.65
0.65
0.65
0.65
0.65
0.65
0.65
0.65
0.65
0.65
0.65
0.65
0.65
0.65
0.65
0.65
0.65
0.65
0.65
0.65
0.65
0.65
0.65
0.65
0.65
0.65
0.65
0.65
0.66
0.65
0.65
0.66
0.66
0.65
0.66
0.66
0.66
0.66
0.66
0.66
0.66
0.66
0.66
0.66
0.66
0.66
0.66
0.66
0.65
0.65
0.65
0.65
0.65
0.64
0.66
0.66
0.66
0.67
0.67
0.67
0.66
0.66
0.62
0.61
0.63
0.6
0.57
0.6
0.61
0.62
0.62
0.62
0.62
0.61
0.63
0.63
0.61
0.61
0.63
0.64
0.64
0.64
0.64
0.64
0.64
0.64
0.64
0.64
0.64
0.64
0.64
0.64
0.64
0.64
0.64
0.64
0.64
0.64
0.64
0.64
0.64
0.64
0.64
0.64
0.64
0.64
0.64
0.64
0.64
0.64
0.64
0.64
0.64
0.64
0.65
0.64
0.64
0.65
0.64
0.64
0.64
0.64
0.64
0.64
0.64
0.64
0.64
0.64
0.64
0.65
0.64
0.65
0.65
0.65
0.65
0.65
0.65
0.65
0.65
0.65
0.65
0.65
0.65
0.65
0.65
0.64
0.64
0.63
0.64
0.64
0.64
0.65
0.64
0.63
0.64
0.65
0.65
0.65
0.65
0.65
0.66
0.66
0.65
0.62
0.62
0.62
0.62
0.62
0.58
0.59
0.62
0.62
0.61
0.61
0.62
0.59
0.6
0.62
0.61
0.58
0.59
0.6
0.62
0.63
0.63
0.63
0.63
0.63
0.63
0.63
0.63
0.63
0.63
0.63
0.63
0.63
0.63
0.63
0.63
0.63
0.63
0.63
0.64
0.63
0.63
0.63
0.63
0.63
0.64
0.63
0.63
0.64
0.63
0.64
0.64
0.63
0.64
0.64
0.64
0.64
0.64
0.64
0.64
0.64
0.64
0.64
0.64
0.64
0.64
0.64
0.64
0.64
0.64
0.64
0.64
0.64
0.64
0.64
0.64
0.64
0.64
0.64
0.64
0.64
0.63
0.63
0.62
0.62
0.63
0.63
0.63
0.64
0.63
0.6
0.62
0.64
0.64
0.64
0.64
0.64
0.64
0.64
0.65
0.66
0.61
0.6
0.61
0.61
0.61
0.61
0.59
0.58
0.58
0.62
0.6
0.59
0.58
0.59
0.56
0.57
0.6
0.61
0.6
0.59
0.58
0.62
0.62
0.62
0.62
0.62
0.62
0.62
0.62
0.62
0.62
0.62
0.62
0.62
0.62
0.62
0.62
0.62
0.62
0.62
0.62
0.62
0.62
0.62
0.62
0.62
0.62
0.62
0.62
0.62
0.62
0.62
0.62
0.62
0.62
0.62
0.63
0.62
0.62
0.63
0.62
0.63
0.63
0.63
0.62
0.63
0.63
0.63
0.63
0.63
0.63
0.63
0.63
0.63
0.63
0.63
0.62
0.62
0.62
0.61
0.62
0.61
0.61
0.62
0.62
0.62
0.61
0.61
0.58
0.58
0.57
0.61
0.63
0.63
0.63
0.63
0.62
0.63
0.62
0.61
0.61
0.59
0.6
0.6
0.59
0.6
0.6
0.6
0.6
0.55
0.49
0.5
0.56
0.56
0.56
0.56
0.57
0.57
0.54
0.54
0.58
0.59
0.61
0.59
0.58
0.58
0.59
0.6
0.61
0.61
0.61
0.61
0.61
0.61
0.61
0.61
0.61
0.61
0.61
0.61
0.61
0.61
0.61
0.61
0.61
0.61
0.61
0.61
0.61
0.61
0.61
0.61
0.61
0.61
0.61
0.61
0.61
0.61
0.61
0.62
0.61
0.61
0.61
0.61
0.62
0.62
0.62
0.62
0.61
0.62
0.62
0.62
0.61
0.6
0.6
0.6
0.59
0.59
0.61
0.61
0.61
0.61
0.61
0.61
0.61
0.6
0.56
0.55
0.55
0.57
0.57
0.59
0.59
0.58
0.58
0.58
0.6
0.59
0.59
0.59
0.62
0.63
0.6
0.6
0.59
0.6
0.59
0.59
0.58
0.52
0.53
0.48
0.52
0.54
0.55
0.58
0.58
0.57
0.57
0.58
0.57
0.54
0.53
0.56
0.59
0.6
0.6
0.6
0.59
0.57
0.59
0.59
0.59
0.6
0.6
0.6
0.6
0.6
0.6
0.6
0.6
0.6
0.6
0.6
0.6
0.6
0.6
0.6
0.6
0.6
0.6
0.6
0.6
0.61
0.6
0.61
0.61
0.61
0.6
0.6
0.6
0.61
0.6
0.6
0.61
0.6
0.6
0.6
0.6
0.59
0.58
0.59
0.58
0.58
0.59
0.6
0.6
0.6
0.59
0.6
0.6
0.6
0.6
0.59
0.58
0.56
0.53
0.56
0.57
0.58
0.59
0.59
0.57
0.58
0.57
0.57
0.56
0.49
0.45
0.58
0.6
0.6
0.6
