1.8
1.8
1.8
1.8
1.8
1.8
1.81
1.81
1.81
1.81
1.81
1.81
1.8
1.8
1.8
1.8
1.8
1.8
1.8
1.8
1.8
1.8
1.8
1.79
1.79
1.79
1.79
1.79
1.79
1.79
1.79
1.79
1.79
1.79
1.79
1.79
1.79
1.79
1.79
1.79
1.79
1.78
1.79
1.78
1.78
1.78
1.78
1.78
1.78
1.78
1.78
1.78
1.78
1.78
1.78
1.78
1.78
1.78
1.78
1.78
1.78
1.78
1.78
1.78
1.78
1.77
1.77
1.77
1.77
1.77
1.77
1.77
1.77
1.77
1.77
1.77
1.77
1.77
1.77
1.77
1.77
1.77
1.77
1.77
1.77
1.77
1.77
1.77
1.77
1.77
1.77
1.77
1.77
1.77
1.77
1.77
1.77
1.77
1.77
1.77
1.77
1.82
1.82
1.82
1.82
1.82
1.82
1.82
1.82
1.82
1.82
1.82
1.82
1.82
1.82
1.82
1.82
1.82
1.82
1.82
1.82
1.81
1.81
1.81
1.81
1.81
1.81
1.81
1.81
1.81
1.81
1.81
1.81
1.81
1.81
1.8
1.8
1.8
1.8
1.8
1.8
1.8
1.8
1.8
1.8
1.8
1.8
1.8
1.8
1.8
1.8
1.8
1.8
1.8
1.8
1.8
1.79
1.79
1.79
1.79
1.79
1.79
1.79
1.79
1.79
1.79
1.79
1.79
1.79
1.79
1.79
1.79
1.79
1.79
1.79
1.79
1.79
1.79
1.79
1.79
1.79
1.79
1.79
1.79
1.79
1.79
1.79
1.79
1.79
1.79
1.79
1.79
1.79
1.79
1.79
1.79
1.79
1.79
1.79
1.79
1.79
1.79
1.85
1.85
1.85
1.85
1.85
1.85
1.84
1.84
1.84
1.84
1.84
1.84
1.84
1.84
1.84
1.84
1.84
1.84
1.84
1.84
1.84
1.84
1.84
1.84
1.84
1.83
1.83
1.83
1.83
1.83
1.83
1.83
1.83
1.83
1.83
1.83
1.83
1.83
1.83
1.83
1.82
1.82
1.82
1.82
1.82
1.82
1.82
1.82
1.82
1.82
1.82
1.82
1.82
1.82
1.82
1.82
1.82
1.82
1.82
1.81
1.82
1.81
1.81
1.81
1.81
1.81
1.81
1.81
1.81
1.81
1.81
1.81
1.81
1.81
1.81
1.81
1.81
1.81
1.81
1.81
1.81
1.81
1.81
1.81
1.81
1.81
1.81
1.81
1.81
1.81
1.81
1.81
1.81
1.81
1.81
1.81
1.81
1.81
1.81
1.81
1.81
1.87
1.87
1.87
1.87
1.87
1.87
1.87
1.86
1.86
1.86
1.86
1.86
1.86
1.86
1.86
1.86
1.86
1.86
1.86
1.86
1.85
1.85
1.85
1.85
1.85
1.85
1.85
1.85
1.85
1.85
1.85
1.85
1.85
1.84
1.84
1.84
1.84
1.84
1.84
1.84
1.84
1.84
1.84
1.84
1.84
1.84
1.84
1.84
1.84
1.84
1.84
1.84
1.84
1.84
1.84
1.84
1.84
1.84
1.83
1.83
1.83
1.83
1.83
1.83
1.83
1.83
1.83
1.83
1.83
1.83
1.83
1.83
1.83
1.83
1.83
1.83
1.83
1.83
1.83
1.83
1.83
1.83
1.83
1.83
1.83
1.83
1.83
1.83
1.83
1.83
1.83
1.83
1.83
1.83
1.83
1.83
1.83
1.83
1.83
1.83
1.83
1.9
1.9
1.9
1.9
1.9
1.9
1.9
1.9
1.9
1.9
1.9
1.89
1.89
1.89
1.89
1.89
1.89
1.89
1.89
1.89
1.89
1.89
1.88
1.88
1.88
1.88
1.88
1.88
1.88
1.88
1.88
1.88
1.88
1.88
1.88
1.87
1.87
1.87
1.87
1.87
1.87
1.87
1.87
1.87
1.87
1.87
1.87
1.87
1.87
1.87
1.87
1.87
1.87
1.87
1.87
1.87
1.87
1.87
1.86
1.86
1.87
1.86
1.86
1.86
1.86
1.86
1.86
1.86
1.86
1.86
1.86
1.86
1.86
1.86
1.86
1.86
1.86
1.86
1.86
1.86
1.86
1.86
1.86
1.86
1.86
1.86
1.86
1.86
1.86
1.86
1.86
1.86
1.86
1.86
1.86
1.86
1.86
1.86
1.86
1.86
1.86
1.93
1.93
1.93
1.92
1.92
1.92
1.92
1.92
1.92
1.92
1.92
1.91
1.91
1.91
1.91
1.91
1.91
1.91
1.91
1.91
1.91
1.9
1.9
1.9
1.9
1.9
1.9
1.9
1.9
1.9
1.9
1.9
1.9
1.89
1.89
1.89
1.89
1.89
1.89
1.89
1.89
1.89
1.89
1.89
1.89
1.89
1.89
1.89
1.89
1.89
1.89
1.89
1.89
1.89
1.89
1.89
1.89
1.88
1.88
1.88
1.88
1.88
1.88
1.88
1.88
1.88
1.88
1.88
1.88
1.88
1.88
1.88
1.88
1.88
1.88
1.88
1.88
1.88
1.88
1.88
1.88
1.88
1.88
1.88
1.88
1.88
1.88
1.88
1.88
1.88
1.88
1.88
1.88
1.88
1.88
1.88
1.88
1.88
1.88
1.88
1.88
1.98
1.98
1.98
1.98
1.98
1.97
1.97
1.97
1.97
1.97
1.97
1.96
1.96
1.96
1.96
1.96
1.96
1.96
1.96
1.96
1.96
1.95
1.95
1.95
1.95
1.95
1.95
1.95
1.95
1.94
1.94
1.94
1.94
1.94
1.94
1.94
1.94
1.94
1.94
1.94
1.94
1.94
1.94
1.94
1.94
1.94
1.93
1.91
1.89
1.89
1.88
1.88
1.89
1.91
1.91
1.92
1.93
1.93
1.93
1.93
1.93
1.93
1.93
1.92
1.93
1.92
1.93
1.93
1.93
1.92
1.92
1.93
1.93
1.92
1.92
1.92
1.92
1.92
1.92
1.92
1.92
1.92
1.92
1.92
1.92
1.92
1.92
1.92
1.92
1.92
1.92
1.92
1.92
1.92
1.92
1.92
1.92
1.93
1.93
1.93
1.93
2.01
2.01
2.01
2.01
2.01
2.0
2.0
2.0
2.0
2.0
2.0
1.99
1.99
1.99
1.99
1.99
1.99
1.99
1.99
1.99
1.99
1.98
1.98
1.98
1.98
1.98
1.98
1.98
1.98
1.98
1.98
1.97
1.97
1.97
1.97
1.97
1.97
1.97
1.97
1.97
1.97
1.97
1.97
1.96
1.96
1.96
1.93
1.91
1.9
1.89
1.89
1.89
1.89
1.9
1.9
1.91
1.95
1.96
1.96
1.96
1.96
1.96
1.96
1.96
1.95
1.95
1.95
1.95
1.95
1.95
1.95
1.95
1.95
1.95
1.95
1.95
1.95
1.95
1.95
1.95
1.95
1.95
1.95
1.95
1.95
1.95
1.95
1.95
1.95
1.95
1.95
1.95
1.95
1.95
1.95
1.95
1.95
1.95
1.95
1.96
1.96
2.05
2.05
2.05
2.04
2.05
2.04
2.04
2.04
2.04
2.04
2.03
2.03
2.03
2.03
2.03
2.03
2.03
2.03
2.03
2.02
2.02
2.02
2.02
2.02
2.02
2.02
2.02
2.02
2.02
2.01
2.01
2.01
2.01
2.01
2.01
2.01
2.01
2.0
2.0
2.0
2.0
2.0
2.0
2.0
1.99
1.96
1.94
1.93
1.93
1.92
1.92
1.92
1.92
1.92
1.92
1.92
1.94
1.99
1.99
1.99
1.99
1.99
1.99
1.99
1.99
1.99
1.99
1.99
1.99
1.99
1.99
1.99
1.99
1.99
1.99
1.99
1.98
1.98
1.99
1.98
1.98
1.98
1.98
1.98
1.98
1.99
1.98
1.98
1.98
1.98
1.98
1.99
1.99
1.99
1.99
1.99
1.99
1.99
1.99
1.99
1.99
2.1
2.1
2.1
2.1
2.1
2.1
2.09
2.09
2.09
2.09
2.09
2.09
2.08
2.08
2.08
2.08
2.08
2.08
2.08
2.07
2.07
2.07
2.07
2.07
2.07
2.07
2.07
2.07
2.07
2.06
2.06
2.06
2.06
2.06
2.06
2.06
2.06
2.05
2.05
2.05
2.05
2.05
2.05
2.04
2.03
2.02
1.97
1.97
1.97
1.96
1.96
1.96
1.96
1.96
1.97
1.97
1.99
2.04
2.04
2.04
2.04
2.04
2.04
2.04
2.04
2.03
2.03
2.03
2.03
2.03
2.04
2.03
2.03
2.03
2.03
2.03
2.03
2.03
2.03
2.03
2.03
2.03
2.03
2.03
2.03
2.03
2.03
2.03
2.03
2.03
2.03
2.03
2.03
2.03
2.04
2.04
2.04
2.04
2.04
2.04
2.04
2.14
2.14
2.14
2.13
2.13
2.13
2.13
2.13
2.13
2.12
2.12
2.12
2.12
2.12
2.12
2.12
2.11
2.11
2.11
2.11
2.11
2.11
2.11
2.1
2.1
2.1
2.1
2.1
2.1
2.1
2.1
2.1
2.09
2.09
2.09
2.09
2.09
2.09
2.09
2.08
2.09
2.08
2.08
2.08
2.08
2.05
2.01
2.0
2.0
2.0
2.0
1.99
1.99
1.99
2.0
2.03
2.06
2.07
2.07
2.07
2.07
2.07
2.07
2.07
2.07
2.07
2.07
2.07
2.07
2.07
2.07
2.07
2.07
2.07
2.07
2.07
2.07
2.07
2.07
2.07
2.07
2.07
2.07
2.07
2.07
2.07
2.07
2.07
2.07
2.07
2.07
2.07
2.07
2.07
2.07
2.07
2.08
2.07
2.08
2.08
2.08
2.18
2.18
2.18
2.18
2.18
2.18
2.18
2.18
2.17
2.17
2.17
2.17
2.16
2.16
2.16
2.16
2.16
2.16
2.16
2.16
2.15
2.15
2.15
2.15
2.15
2.15
2.15
2.14
2.14
2.14
2.14
2.14
2.14
2.14
2.14
2.13
2.13
2.13
2.13
2.13
2.13
2.13
2.13
2.13
2.13
2.13
2.11
2.09
2.06
2.04
2.04
2.05
2.05
2.09
2.08
2.11
2.12
2.11
2.11
2.11
2.11
2.11
2.11
2.11
2.11
2.11
2.11
2.11
2.11
2.11
2.11
2.11
2.1
2.1
2.1
2.1
2.1
2.11
2.11
2.1
2.11
2.11
2.11
2.11
2.11
2.11
2.11
2.11
2.11
2.11
2.11
2.11
2.11
2.11
2.11
2.11
2.11
2.11
2.12
2.12
2.12
2.17
2.17
2.19
2.21
2.23
2.23
2.23
2.23
2.23
2.23
2.23
2.22
2.22
2.22
2.22
2.22
2.22
2.21
2.21
2.21
2.21
2.2
2.2
2.2
2.2
2.2
2.2
2.2
2.2
2.2
2.19
2.19
2.19
2.19
2.19
2.19
2.19
2.18
2.18
2.18
2.18
2.18
2.18
2.18
2.18
2.18
2.17
2.17
2.17
2.17
2.17
2.16
2.16
2.17
2.17
2.17
2.16
2.16
2.16
2.16
2.16
2.16
2.16
2.16
2.16
2.16
2.16
2.15
2.16
2.15
2.15
2.15
2.15
2.15
2.15
2.15
2.15
2.15
2.15
2.15
2.15
2.15
2.15
2.15
2.15
2.15
2.16
2.15
2.16
2.16
2.16
2.16
2.16
2.16
2.16
2.17
2.17
2.17
2.17
2.17
2.17
2.13
2.13
2.16
2.18
2.21
2.24
2.25
2.26
2.27
2.26
2.26
2.26
2.26
2.26
2.26
2.25
2.25
2.25
2.25
2.25
2.25
2.24
2.24
2.24
2.24
2.24
2.24
2.24
2.23
2.23
2.23
2.23
2.23
2.23
2.23
2.22
2.22
2.22
2.22
2.22
2.21
2.21
2.21
2.21
2.21
2.21
2.21
2.21
2.21
2.21
2.21
2.2
2.2
2.2
2.2
2.2
2.2
2.19
2.2
2.19
2.19
2.19
2.19
2.19
2.19
2.19
2.19
2.19
2.19
2.19
2.19
2.19
2.18
2.19
2.18
2.19
2.19
2.19
2.18
2.19
2.19
2.19
2.19
2.19
2.19
2.2
2.2
2.2
2.19
2.19
2.2
2.2
2.2
2.2
2.2
2.2
2.2
2.2
2.2
2.21
2.21
2.08
2.08
2.11
2.14
2.16
2.2
2.24
2.28
2.32
2.32
2.32
2.32
2.32
2.31
2.31
2.31
2.31
2.31
2.31
2.3
2.3
2.3
2.3
2.3
2.3
2.29
2.29
2.29
2.29
2.29
2.28
2.28
2.28
2.28
2.28
2.28
2.28
2.27
2.27
2.27
2.27
2.27
2.27
2.26
2.26
2.26
2.26
2.26
2.26
2.26
2.26
2.26
2.25
2.25
2.25
2.25
2.25
2.25
2.25
2.25
2.24
2.24
2.24
2.24
2.24
2.24
2.24
2.24
2.24
2.24
2.24
2.24
2.24
2.24
2.23
2.24
2.23
2.24
2.24
2.24
2.24
2.24
2.23
2.24
2.25
2.27
2.26
2.25
2.24
2.24
2.25
2.25
2.25
2.25
2.25
2.25
2.26
2.26
2.26
2.26
2.26
2.04
2.04
2.06
2.09
2.12
2.15
2.2
2.3
2.37
2.37
2.37
2.37
2.37
2.37
2.37
2.37
2.36
2.36
2.36
2.36
2.35
2.35
2.35
2.35
2.35
2.35
2.34
2.34
2.34
2.34
2.34
2.34
2.33
2.33
2.33
2.33
2.32
2.32
2.32
2.32
2.32
2.32
2.32
2.32
2.32
2.32
2.32
2.31
2.31
2.31
2.31
2.31
2.31
2.3
2.3
2.3
2.3
2.29
2.3
2.29
2.29
2.3
2.29
2.29
2.29
2.29
2.29
2.28
2.28
2.28
2.28
2.28
2.28
2.28
2.28
2.28
2.28
2.28
2.28
2.28
2.29
2.28
2.28
2.28
2.28
2.28
2.29
2.3
2.29
2.29
2.3
2.3
2.3
2.3
2.3
2.3
2.31
2.31
2.31
2.32
2.32
2.01
2.02
2.04
2.06
2.08
2.11
2.16
2.27
2.4
2.42
2.42
2.41
2.41
2.41
2.41
2.41
2.41
2.4
2.4
2.4
2.4
2.4
2.4
2.39
2.39
2.39
2.39
2.39
2.38
2.38
2.38
2.38
2.38
2.37
2.37
2.37
2.37
2.36
2.36
2.36
2.36
2.36
2.36
2.36
2.36
2.36
2.36
2.35
2.35
2.35
2.35
2.35
2.35
2.35
2.35
2.34
2.34
2.34
2.34
2.33
2.33
2.34
2.33
2.33
2.33
2.33
2.33
2.33
2.33
2.32
2.32
2.32
2.32
2.32
2.32
2.32
2.32
2.32
2.32
2.32
2.32
2.32
2.32
2.32
2.32
2.32
2.33
2.33
2.33
2.33
2.34
2.34
2.34
2.34
2.34
2.35
2.35
2.35
2.35
2.36
2.36
1.96
1.97
1.99
2.02
2.05
2.07
2.17
2.36
2.49
2.49
2.49
2.49
2.48
2.48
2.48
2.48
2.48
2.48
2.48
2.48
2.47
2.47
2.47
2.47
2.46
2.46
2.46
2.46
2.46
2.45
2.45
2.45
2.45
2.44
2.44
2.44
2.44
2.44
2.43
2.43
2.43
2.43
2.43
2.43
2.43
2.43
2.43
2.43
2.42
2.42
2.42
2.42
2.42
2.42
2.41
2.41
2.41
2.41
2.41
2.4
2.4
2.4
2.41
2.4
2.4
2.39
2.39
2.39
2.39
2.39
2.39
2.39
2.39
2.39
2.39
2.39
2.39
2.39
2.39
2.39
2.39
2.39
2.39
2.39
2.39
2.39
2.4
2.4
2.4
2.4
2.41
2.41
2.41
2.41
2.41
2.42
2.42
2.42
2.42
2.42
2.42
1.93
1.93
1.95
1.97
2.0
2.03
2.12
2.37
2.56
2.55
2.55
2.55
2.55
2.55
2.55
2.55
2.54
2.55
2.54
2.54
2.54
2.54
2.54
2.53
2.53
2.53
2.53
2.52
2.52
2.51
2.51
2.51
2.51
2.51
2.51
2.5
2.5
2.5
2.49
2.49
2.49
2.49
2.49
2.49
2.49
2.49
2.49
2.49
2.49
2.48
2.48
2.48
2.48
2.48
2.48
2.47
2.47
2.47
2.47
2.46
2.46
2.46
2.46
2.46
2.45
2.45
2.45
2.45
2.45
2.45
2.45
2.45
2.45
2.44
2.44
2.45
2.45
2.45
2.45
2.45
2.45
2.45
2.45
2.46
2.46
2.46
2.46
2.47
2.47
2.47
2.47
2.47
2.48
2.48
2.48
2.48
2.48
2.46
2.44
2.39
2.36
1.94
1.94
1.96
1.96
1.97
1.99
2.14
2.61
2.62
2.65
2.65
2.65
2.64
2.64
2.64
2.64
2.64
2.64
2.64
2.63
2.63
2.63
2.63
2.63
2.63
2.62
2.62
2.62
2.62
2.61
2.6
2.61
2.6
2.6
2.6
2.59
2.59
2.59
2.58
2.58
2.58
2.58
2.58
2.57
2.58
2.58
2.57
2.58
2.57
2.57
2.57
2.57
2.56
2.56
2.56
2.56
2.56
2.55
2.55
2.55
2.55
2.55
2.55
2.55
2.54
2.54
2.54
2.54
2.54
2.54
2.53
2.53
2.53
2.53
2.53
2.54
2.54
2.53
2.54
2.54
2.54
2.54
2.54
2.55
2.55
2.55
2.55
2.56
2.56
2.56
2.57
2.57
2.56
2.54
2.52
2.48
2.45
2.41
2.37
2.22
2.19
1.92
1.93
1.95
1.96
1.95
2.01
2.06
2.36
2.62
2.67
2.69
2.7
2.7
2.69
2.69
2.69
2.69
2.68
2.69
2.69
2.68
2.68
2.68
2.67
2.67
2.67
2.67
2.67
2.67
2.65
2.65
2.65
2.65
2.65
2.65
2.64
2.64
2.64
2.63
2.63
2.62
2.62
2.62
2.62
2.63
2.63
2.62
2.62
2.62
2.61
2.61
2.61
2.61
2.61
2.6
2.6
2.6
2.6
2.6
2.59
2.6
2.6
2.6
2.59
2.59
2.59
2.59
2.58
2.58
2.58
2.58
2.58
2.58
2.58
2.58
2.58
2.58
2.58
2.58
2.58
2.58
2.58
2.59
2.59
2.59
2.6
2.6
2.6
2.61
2.61
2.61
2.6
2.58
2.55
2.52
2.46
2.39
2.27
2.24
2.14
2.12
1.9
1.9
1.91
1.93
1.93
1.95
2.14
2.57
2.61
2.67
2.72
2.76
2.76
2.76
2.76
2.76
2.75
2.76
2.75
2.76
2.75
2.75
2.75
2.74
2.74
2.74
2.74
2.73
2.73
2.72
2.72
2.72
2.72
2.72
2.71
2.71
2.71
2.7
2.7
2.7
2.7
2.69
2.69
2.69
2.69
2.69
2.68
2.68
2.69
2.68
2.68
2.68
2.67
2.67
2.67
2.67
2.66
2.66
2.66
2.66
2.66
2.66
2.65
2.65
2.65
2.65
2.64
2.64
2.65
2.64
2.64
2.64
2.64
2.64
2.64
2.65
2.65
2.64
2.65
2.65
2.65
2.65
2.65
2.65
2.65
2.66
2.67
2.67
2.67
2.67
2.63
2.59
2.56
2.49
2.42
2.34
2.27
2.18
2.15
2.11
2.1
1.85
1.85
1.88
1.89
1.88
1.91
2.13
2.52
2.55
2.62
2.67
2.75
2.8
2.85
2.88
2.89
2.89
2.89
2.89
2.88
2.88
2.88
2.88
2.88
2.87
2.87
2.87
2.87
2.87
2.85
2.85
2.85
2.85
2.84
2.84
2.84
2.83
2.83
2.82
2.82
2.82
2.81
2.81
2.81
2.81
2.81
2.81
2.81
2.81
2.81
2.8
2.8
2.79
2.79
2.79
2.79
2.79
2.79
2.79
2.78
2.78
2.78
2.78
2.77
2.78
2.77
2.76
2.77
2.76
2.76
2.76
2.76
2.76
2.76
2.76
2.77
2.77
2.77
2.77
2.77
2.77
2.77
2.78
2.78
2.78
2.79
2.78
2.75
2.71
2.66
2.57
2.49
2.37
2.26
2.22
2.2
2.16
2.14
2.13
2.07
2.07
1.84
1.83
1.86
1.86
1.86
1.9
2.06
2.48
2.52
2.59
2.64
2.72
2.77
2.84
2.9
2.91
2.96
2.97
2.97
2.96
2.96
2.96
2.96
2.96
2.96
2.96
2.96
2.95
2.94
2.93
2.93
2.93
2.93
2.93
2.92
2.92
2.92
2.91
2.91
2.9
2.9
2.9
2.89
2.89
2.9
2.89
2.89
2.89
2.88
2.88
2.87
2.88
2.87
2.87
2.87
2.86
2.86
2.87
2.86
2.86
2.86
2.85
2.85
2.86
2.85
2.84
2.84
2.84
2.84
2.84
2.84
2.84
2.84
2.84
2.84
2.84
2.84
2.85
2.85
2.85
2.85
2.86
2.86
2.86
2.85
2.84
2.8
2.75
2.7
2.61
2.47
2.4
2.3
2.25
2.22
2.18
2.14
2.12
2.11
2.03
2.04
1.81
1.81
1.83
1.84
1.84
1.89
2.12
2.46
2.49
2.56
2.6
2.69
2.73
2.8
2.86
2.89
2.97
3.04
3.06
3.07
3.06
3.05
3.05
3.06
3.04
3.02
3.02
3.04
3.04
3.03
3.03
3.03
3.03
3.02
3.02
3.02
3.02
3.01
3.01
3.0
2.99
3.0
2.99
2.99
2.99
2.99
2.98
2.99
2.98
2.97
2.97
2.97
2.96
2.97
2.97
2.96
2.96
2.96
2.95
2.95
2.95
2.95
2.94
2.94
2.94
2.94
2.93
2.93
2.93
2.93
2.93
2.93
2.93
2.93
2.93
2.93
2.93
2.94
2.94
2.94
2.94
2.95
2.95
2.93
2.92
2.88
2.84
2.76
2.65
2.58
2.41
2.35
2.3
2.27
2.23
2.2
2.14
2.1
2.08
2.04
2.0
1.78
1.78
1.8
1.81
1.8
1.85
2.04
2.41
2.44
2.51
2.55
2.64
2.68
2.76
2.81
2.89
2.96
3.06
3.07
3.19
3.2
3.21
3.2
3.21
3.21
3.19
3.17
3.19
3.2
3.19
3.19
3.18
3.18
3.18
3.18
3.17
3.17
3.17
3.16
3.15
3.15
3.15
3.14
3.14
3.13
3.14
3.13
3.13
3.13
3.12
3.12
3.12
3.12
3.12
3.12
3.11
3.11
3.11
3.1
3.1
3.08
3.09
3.09
3.08
3.08
3.07
3.07
3.07
3.07
3.07
3.07
3.07
3.08
3.07
3.07
3.08
3.08
3.08
3.09
3.07
3.04
2.99
2.97
2.82
2.77
2.62
2.52
2.46
2.42
2.38
2.29
2.25
2.21
2.18
2.15
2.07
2.05
2.04
2.0
1.99
1.99
1.76
1.76
1.78
1.79
1.78
1.81
2.0
2.38
2.42
2.49
2.52
2.62
2.66
2.73
2.78
2.85
2.94
3.03
3.09
3.17
3.27
3.28
3.29
3.29
3.29
3.29
3.29
3.29
3.29
3.28
3.28
3.28
3.27
3.27
3.26
3.25
3.23
3.21
3.2
3.19
3.18
3.17
3.16
3.15
3.15
3.14
3.14
3.14
3.13
3.14
3.14
3.14
3.14
3.15
3.15
3.16
3.16
3.16
3.18
3.17
3.18
3.19
3.17
3.17
3.16
3.15
3.15
3.15
3.15
3.15
3.15
3.16
3.15
3.15
3.16
3.16
3.17
3.16
3.15
3.08
3.01
2.89
2.75
2.61
2.6
2.49
2.45
2.41
2.39
2.36
2.27
2.23
2.2
2.16
2.14
2.05
2.03
2.02
1.95
1.97
1.96
1.74
1.76
1.76
1.76
1.76
1.84
2.12
2.36
2.4
2.45
2.51
2.6
2.61
2.66
2.73
2.78
2.85
2.96
3.01
3.16
3.24
3.33
3.43
3.47
3.47
3.47
3.46
3.44
3.43
3.38
3.35
3.35
3.32
3.3
3.27
3.25
3.23
3.2
3.18
3.16
3.16
3.14
3.12
3.12
3.11
3.11
3.1
3.1
3.1
3.1
3.1
3.1
3.1
3.11
3.12
3.13
3.15
3.17
3.18
3.2
3.21
3.23
3.23
3.25
3.28
3.29
3.3
3.3
3.32
3.32
3.31
3.32
3.32
3.31
3.31
3.32
3.32
3.28
3.24
3.11
3.07
2.95
2.83
2.62
2.58
2.55
2.5
2.51
2.46
2.38
2.33
2.3
2.21
2.19
2.14
2.12
2.07
2.0
1.99
1.91
1.9
1.71
1.72
1.74
1.73
1.75
1.75
1.95
2.32
2.35
2.4
2.45
2.54
2.58
2.65
2.71
2.77
2.82
2.93
2.98
3.13
3.22
3.32
3.48
3.55
3.56
3.54
3.51
3.47
3.44
3.37
3.34
3.3
3.28
3.25
3.22
3.2
3.18
3.15
3.14
3.12
3.11
3.1
3.08
3.08
3.07
3.06
3.06
3.06
3.05
3.06
3.06
3.06
3.07
3.07
3.08
3.09
3.1
3.12
3.13
3.15
3.18
3.19
3.21
3.24
3.27
3.3
3.32
3.34
3.39
3.4
3.42
3.44
3.48
3.47
3.47
3.46
3.41
3.3
3.24
3.07
3.03
2.93
2.82
2.58
2.57
2.51
2.5
2.44
2.4
2.34
2.31
2.23
2.17
2.15
2.11
2.09
2.01
1.96
1.96
1.92
1.87
1.71
1.71
1.72
1.73
1.73
1.78
1.97
2.31
2.34
2.41
2.45
2.53
2.57
2.64
2.71
2.77
2.82
2.92
2.92
3.07
3.15
3.24
3.41
3.52
3.56
3.52
3.49
3.44
3.4
3.34
3.31
3.28
3.25
3.22
3.2
3.17
3.15
3.14
3.12
3.1
3.09
3.07
3.06
3.05
3.05
3.04
3.04
3.03
3.03
3.03
3.04
3.04
3.04
3.05
3.06
3.06
3.07
3.1
3.11
3.12
3.14
3.16
3.18
3.21
3.23
3.26
3.29
3.31
3.37
3.39
3.41
3.47
3.51
3.51
3.45
3.41
3.3
3.16
3.1
2.95
2.9
2.73
2.6
2.49
2.49
2.41
2.37
2.32
2.3
2.29
2.17
2.15
2.1
2.08
2.05
1.96
1.95
1.94
1.87
1.91
1.89
1.69
1.7
1.71
1.7
1.72
1.85
1.97
2.29
2.32
2.39
2.43
2.51
2.55
2.6
2.68
2.73
2.82
2.9
2.99
3.04
3.12
3.22
3.43
3.51
3.53
3.47
3.44
3.39
3.36
3.29
3.29
3.25
3.23
3.2
3.18
3.15
3.13
3.1
3.09
3.07
3.06
3.04
3.03
3.02
3.02
3.01
3.01
3.0
3.0
3.0
3.01
3.01
3.01
3.02
3.03
3.03
3.05
3.07
3.08
3.09
3.11
3.14
3.15
3.17
3.19
3.25
3.28
3.29
3.31
3.34
3.37
3.42
3.49
3.49
3.49
3.35
3.34
3.22
3.15
3.0
2.96
2.86
2.73
2.51
2.5
2.46
2.47
2.43
2.37
2.3
2.29
2.2
2.14
2.13
2.09
2.05
1.98
1.93
1.92
1.86
1.83
1.67
1.67
1.69
1.69
1.69
1.77
2.04
2.27
2.3
2.37
2.41
2.5
2.53
2.6
2.65
2.66
2.74
2.84
2.9
3.03
3.1
3.2
3.3
3.44
3.48
3.44
3.4
3.35
3.32
3.25
3.23
3.19
3.17
3.14
3.13
3.11
3.1
3.06
3.04
3.03
3.01
3.0
2.99
2.98
2.98
2.97
2.97
2.96
2.96
2.96
2.96
2.97
2.98
2.99
2.99
3.0
3.01
3.04
3.04
3.05
3.08
3.1
3.11
3.13
3.15
3.2
3.24
3.26
3.28
3.31
3.35
3.39
3.45
3.42
3.45
3.46
3.34
3.21
3.12
2.97
2.96
2.86
2.79
2.48
2.48
2.44
2.43
2.39
2.33
2.28
2.25
2.18
2.12
2.09
2.04
2.03
1.95
1.9
1.9
1.81
1.81
1.67
1.66
1.68
1.67
1.68
1.74
1.99
2.26
2.28
2.36
2.38
2.45
2.51
2.55
2.61
2.72
2.73
2.85
2.91
3.03
3.11
3.19
3.34
3.43
3.46
3.4
3.37
3.32
3.32
3.25
3.23
3.19
3.16
3.14
3.11
3.09
3.07
3.05
3.02
3.01
3.0
2.98
2.97
2.97
2.96
2.96
2.95
2.95
2.95
2.95
2.95
2.95
2.96
2.96
2.98
2.98
2.99
3.01
3.02
3.03
3.05
3.08
3.09
3.09
3.13
3.19
3.2
3.21
3.26
3.28
3.31
3.36
3.42
3.42
3.42
3.3
3.28
3.16
3.08
3.0
2.93
2.87
2.81
2.5
2.46
2.43
2.41
2.33
2.29
2.27
2.21
2.18
2.1
2.09
2.05
2.02
1.96
1.89
1.89
1.8
1.79
1.64
1.65
1.66
1.66
1.66
1.73
2.0
2.23
2.26
2.31
2.36
2.43
2.49
2.54
2.6
2.67
2.7
2.8
2.86
3.03
3.13
3.17
3.27
3.38
3.43
3.39
3.36
3.3
3.29
3.21
3.19
3.15
3.13
3.09
3.09
3.07
3.05
3.02
3.0
2.99
2.97
2.96
2.95
2.94
2.93
2.93
2.92
2.92
2.92
2.92
2.92
2.93
2.93
2.94
2.95
2.95
2.97
2.99
2.99
3.01
3.03
3.04
3.06
3.08
3.1
3.13
3.17
3.19
3.23
3.25
3.28
3.33
3.38
3.4
3.37
3.18
3.18
3.03
2.97
2.83
2.76
2.58
2.44
2.41
2.4
2.37
2.3
2.26
2.24
2.21
2.09
2.08
2.03
2.0
1.98
1.87
1.87
1.87
1.8
1.83
1.83
1.63
1.63
1.65
1.64
1.65
1.74
2.04
2.22
2.25
2.31
2.36
2.44
2.48
2.54
2.56
2.61
2.68
2.79
2.84
2.98
3.04
3.15
3.26
3.37
3.39
3.35
3.29
3.27
3.24
3.17
3.15
3.12
3.09
3.08
3.06
3.03
3.02
2.99
2.97
2.95
2.94
2.93
2.91
2.91
2.9
2.9
2.89
2.89
2.89
2.89
2.89
2.89
2.9
2.9
2.91
2.92
2.93
2.95
2.96
2.97
3.01
3.01
3.02
3.05
3.08
3.11
3.13
3.16
3.21
3.23
3.25
3.31
3.35
3.36
3.31
3.19
3.08
2.95
2.92
2.79
2.65
2.53
2.41
2.38
2.36
2.26
2.23
2.22
2.22
2.17
2.05
2.04
1.98
1.98
1.92
1.85
1.84
1.84
1.76
1.8
1.81
1.62
1.62
1.64
1.63
1.64
1.73
2.17
2.2
2.23
2.28
2.33
2.42
2.46
2.5
2.58
2.6
2.66
2.81
2.84
2.96
3.04
3.22
3.24
3.34
3.37
3.34
3.28
3.25
3.2
3.16
3.1
3.09
3.07
3.05
3.03
3.0
2.98
2.96
2.94
2.93
2.92
2.9
2.9
2.88
2.88
2.88
2.87
2.87
2.86
2.87
2.87
2.87
2.87
2.88
2.89
2.9
2.91
2.93
2.94
2.95
2.97
2.99
3.01
3.03
3.05
3.09
3.12
3.14
3.17
3.17
3.22
3.25
3.32
3.32
3.33
3.32
3.21
3.07
3.0
2.87
2.82
2.72
2.59
2.39
2.37
2.34
2.33
2.26
2.24
2.21
2.1
2.06
2.03
1.83
1.05
0.61
0.59
0.6
0.63
0.68
0.68
1.61
1.61
1.63
1.62
1.63
1.73
2.06
2.19
2.25
2.28
2.33
2.4
2.45
2.51
2.56
2.57
2.64
2.75
2.89
2.95
3.06
3.1
3.23
3.31
3.35
3.31
3.27
3.23
3.18
3.11
3.1
3.07
3.05
3.04
3.0
2.99
2.97
2.94
2.91
2.91
2.9
2.88
2.87
2.87
2.86
2.86
2.85
2.85
2.85
2.85
2.85
2.85
2.86
2.86
2.87
2.88
2.91
2.91
2.92
2.94
2.95
2.96
2.98
3.01
3.02
3.06
3.09
3.13
3.16
3.17
3.19
3.23
3.3
3.31
3.3
3.1
3.11
3.04
3.0
2.87
2.82
2.73
2.57
2.37
2.34
2.34
2.33
2.29
2.22
2.21
2.1
2.04
1.99
1.81
1.58
1.53
1.27
0.62
0.61
0.85
1.24
1.6
1.61
1.61
1.61
1.63
1.77
2.15
2.17
2.2
2.27
2.35
2.4
2.41
2.5
2.54
2.58
2.71
2.74
2.85
2.92
3.02
3.07
3.19
3.29
3.32
3.26
3.25
3.2
3.18
3.11
3.09
3.03
3.01
2.99
2.98
2.96
2.95
2.91
2.9
2.88
2.88
2.86
2.85
2.84
2.84
2.83
2.83
2.83
2.82
2.83
2.83
2.83
2.83
2.85
2.85
2.85
2.87
2.89
2.89
2.92
2.93
2.94
2.97
2.98
3.0
3.06
3.06
3.09
3.13
3.16
3.18
3.24
3.27
3.28
3.19
3.11
3.0
2.87
2.83
2.65
2.42
2.36
2.36
2.33
2.3
2.24
2.2
2.21
2.2
2.2
2.1
2.06
1.79
1.17
0.62
0.61
0.6
0.58
0.57
0.58
0.58
1.59
1.6
1.6
1.59
1.61
1.74
2.14
2.17
2.19
2.24
2.33
2.37
2.44
2.47
2.52
2.58
2.64
2.72
2.76
2.95
2.98
3.08
3.25
3.29
3.3
3.25
3.22
3.17
3.14
3.07
3.06
3.02
2.98
2.98
2.96
2.94
2.92
2.9
2.87
2.86
2.85
2.83
2.82
2.82
2.81
2.81
2.81
2.8
2.8
2.8
2.8
2.8
2.81
2.82
2.83
2.84
2.84
2.86
2.87
2.88
2.91
2.92
2.93
2.96
2.97
3.02
3.05
3.06
3.09
3.12
3.15
3.19
3.25
3.25
3.23
3.1
3.1
2.95
2.9
2.76
2.72
2.55
2.36
2.34
2.29
2.3
2.29
2.24
2.15
2.18
2.09
1.82
1.01
0.65
0.6
0.59
0.59
0.57
0.57
0.56
0.56
1.57
1.57
1.58
1.58
1.59
1.69
2.12
2.17
2.18
2.26
2.29
2.38
2.39
2.48
2.49
2.55
2.63
2.73
2.77
2.89
3.01
3.04
3.22
3.25
3.28
3.21
3.17
3.15
3.1
3.07
3.04
2.99
2.98
2.96
2.94
2.92
2.88
2.88
2.86
2.84
2.84
2.83
2.81
2.8
2.8
2.79
2.79
2.79
2.78
2.78
2.78
2.79
2.79
2.8
2.81
2.82
2.82
2.85
2.85
2.87
2.89
2.9
2.93
2.94
2.95
2.98
3.02
3.05
3.07
3.11
3.15
3.19
3.23
3.24
3.18
3.07
3.04
2.93
2.89
2.75
2.68
2.54
2.33
2.32
2.28
2.29
2.28
2.18
2.16
2.17
2.01
1.72
0.6
0.58
0.57
0.56
0.55
0.55
0.55
0.57
0.58
1.56
1.57
1.57
1.58
1.59
1.65
2.11
2.14
2.17
2.23
2.31
2.32
2.42
2.45
2.5
2.55
2.58
2.7
2.77
2.84
2.94
3.03
3.24
3.25
3.26
3.22
3.18
3.14
3.12
3.05
3.03
2.98
2.98
2.96
2.93
2.91
2.89
2.87
2.85
2.83
2.82
2.81
2.8
2.79
2.79
2.78
2.78
2.77
2.77
2.78
2.78
2.78
2.78
2.79
2.8
2.81
2.82
2.84
2.85
2.86
2.88
2.9
2.91
2.94
2.95
2.98
3.01
3.05
3.09
3.1
3.11
3.17
3.21
3.22
3.13
3.03
2.95
2.82
2.76
2.58
2.45
2.33
2.29
2.29
2.27
2.18
2.14
2.17
2.17
1.98
0.61
0.58
0.58
0.57
0.56
0.55
0.55
0.55
0.55
0.55
0.54
1.55
1.55
1.56
1.56
1.58
1.69
2.09
2.14
2.17
2.23
2.27
2.36
2.39
2.44
2.49
2.56
2.63
2.72
2.73
2.85
2.92
3.02
3.16
3.22
3.25
3.2
3.16
3.13
3.11
3.03
3.01
2.98
2.96
2.93
2.91
2.88
2.86
2.84
2.83
2.81
2.8
2.79
2.78
2.77
2.77
2.76
2.76
2.76
2.76
2.76
2.76
2.76
2.76
2.77
2.78
2.79
2.8
2.82
2.83
2.84
2.87
2.88
2.89
2.92
2.93
2.95
2.99
3.02
3.06
3.07
3.09
3.15
3.19
3.2
3.12
3.01
2.92
2.8
2.73
2.53
2.38
2.32
2.27
2.26
2.25
2.26
2.26
2.21
2.15
2.14
1.97
0.6
0.58
0.56
0.55
0.55
0.55
0.55
0.54
0.56
0.57
1.55
1.55
1.56
1.55
1.57
1.72
2.09
2.13
2.17
2.23
2.27
2.35
2.38
2.44
2.47
2.51
2.58
2.69
2.73
2.85
2.93
3.03
3.16
3.22
3.22
3.18
3.15
3.1
3.08
3.02
2.98
2.93
2.9
2.86
2.83
2.83
2.82
2.81
2.81
2.8
2.79
2.78
2.77
2.76
2.76
2.75
2.75
2.75
2.74
2.74
2.74
2.75
2.75
2.76
2.77
2.78
2.79
2.81
2.81
2.84
2.85
2.86
2.87
2.88
2.91
2.95
2.97
2.98
3.04
3.07
3.04
3.11
3.14
3.17
3.17
3.11
2.99
2.88
2.82
2.7
2.68
2.51
2.33
2.25
2.24
2.26
2.24
2.19
2.13
2.14
1.88
0.63
0.57
0.55
0.55
0.54
0.54
0.54
0.53
0.54
0.55
1.54
1.55
1.55
1.55
1.58
1.77
2.09
2.13
2.17
2.23
2.26
2.3
2.36
2.41
2.47
2.51
2.58
2.69
2.73
2.86
2.94
3.07
3.18
3.22
3.2
3.16
3.12
3.08
3.04
2.98
2.96
2.86
2.8
2.72
2.7
2.72
2.73
2.73
2.71
2.57
2.61
2.66
2.74
2.75
2.74
2.74
2.74
2.73
2.73
2.73
2.74
2.74
2.74
2.75
2.76
2.77
2.78
2.8
2.8
2.82
2.84
2.86
2.87
2.89
2.92
2.96
2.97
3.0
3.02
3.06
3.08
3.12
3.17
3.15
3.17
3.08
3.02
2.86
2.82
2.68
2.65
2.41
2.29
2.23
2.23
2.24
2.22
2.17
1.59
0.58
0.56
0.55
0.54
0.53
0.53
0.53
0.53
0.53
0.54
0.73
1.22
1.54
1.54
1.55
1.55
1.6
1.81
2.1
2.11
2.14
2.2
2.24
2.32
2.36
2.41
2.46
2.52
2.59
2.69
2.73
2.86
2.95
3.06
3.17
3.22
3.18
3.14
3.13
3.07
2.94
2.94
2.93
2.77
2.7
2.66
2.64
2.61
2.61
2.6
2.51
2.2
2.23
2.29
2.43
2.53
2.6
2.63
2.73
2.73
2.73
2.72
2.73
2.73
2.74
2.75
2.75
2.76
2.77
2.79
2.8
2.81
2.83
2.85
2.86
2.88
2.9
2.93
2.95
2.98
3.02
3.04
3.07
3.11
3.15
3.15
2.99
2.88
2.86
2.81
2.76
2.61
2.48
2.31
2.27
2.24
2.22
2.24
2.23
2.17
1.06
0.58
0.57
0.55
0.53
0.53
0.53
0.53
0.53
0.54
0.55
0.87
1.49
1.55
1.55
1.55
1.55
1.58
1.78
2.08
2.12
2.16
2.22
2.26
2.33
2.34
2.38
2.44
2.49
2.56
2.66
2.7
2.83
2.9
3.0
3.15
3.2
3.19
3.15
3.11
3.04
2.85
2.77
2.76
2.71
2.66
2.56
2.54
2.5
2.52
2.57
2.75
2.66
2.07
2.1
2.13
2.17
2.27
2.33
2.71
2.72
2.71
2.72
2.72
2.72
2.72
2.73
2.74
2.75
2.76
2.78
2.79
2.8
2.82
2.83
2.85
2.86
2.89
2.93
2.95
2.97
3.0
3.02
3.01
2.45
2.47
2.47
2.45
2.46
2.48
2.49
2.5
2.49
2.44
2.3
2.28
2.21
2.2
2.23
2.22
2.16
2.1
2.1
1.05
0.57
0.58
0.57
0.54
0.54
0.54
0.54
0.54
0.55
0.55
1.54
1.54
1.54
1.54
1.59
1.79
2.07
2.12
2.15
2.21
2.23
2.3
2.34
2.39
2.45
2.49
2.57
2.66
2.72
2.85
2.94
3.02
3.16
3.2
3.17
3.14
3.1
3.05
2.97
2.83
2.78
2.71
2.66
2.59
2.56
2.53
2.5
2.54
2.77
2.67
2.12
2.07
2.09
2.1
2.17
2.26
2.64
2.7
2.71
2.71
2.71
2.71
2.72
2.72
2.73
2.74
2.76
2.77
2.78
2.8
2.81
2.83
2.84
2.87
2.89
2.91
2.94
2.96
2.98
3.02
2.97
2.42
2.44
2.44
2.44
2.44
2.45
2.44
2.46
2.45
2.34
2.28
2.25
2.16
2.14
2.17
2.18
2.15
2.08
2.04
0.67
0.57
0.57
0.57
0.55
0.53
0.54
0.53
0.53
0.55
0.55
1.53
1.53
1.54
1.54
1.56
1.71
2.05
2.11
2.14
2.21
2.25
2.33
2.37
2.41
2.44
2.48
2.54
2.66
2.71
2.84
2.94
3.04
3.16
3.2
3.19
3.13
3.11
3.05
2.9
2.84
0
0
2.58
2.56
2.52
2.52
2.5
2.66
2.76
2.63
2.3
2.03
2.07
2.07
2.09
2.17
2.47
2.69
2.7
2.7
2.71
2.71
2.71
2.72
2.73
2.74
2.76
2.77
2.78
2.79
2.8
2.82
2.84
2.85
2.87
2.91
2.94
2.96
2.99
3.02
2.87
2.43
2.43
2.44
2.44
2.44
2.44
2.43
2.41
2.39
2.32
2.22
2.12
0.9700001
0.94
0.9700001
1.23
1.33
1.34
1.32
0.83
0.57
0.58
0.57
0.55
0.53
0.54
0.49
0.49
0.51
0.51
1.53
1.53
1.53
1.53
1.57
1.82
2.06
2.12
2.13
2.19
2.23
2.29
2.34
2.39
2.45
2.49
2.59
2.66
2.71
2.85
2.92
3.01
3.15
3.19
3.15
3.12
3.09
3.06
2.68
2.68
0
0
2.56
2.5
1.74
1.67
1.65
1.68
2.07
2.49
2.47
1.98
2.02
2.02
2.03
2.06
2.23
2.59
2.69
2.7
2.7
2.7
2.71
2.72
2.72
2.73
2.74
2.76
2.77
2.79
2.8
2.82
2.84
2.84
2.86
2.9
2.93
2.94
2.98
3.01
2.67
2.43
2.43
2.41
2.41
2.42
2.42
2.44
2.44
2.4
2.34
2.28
1.77
0.63
0.6
0.58
0.57
0.57
0.58
0.6
0.66
0.68
0.7
0.65
0.63
0.61
0.61
0.58
0.58
0.57
0.57
1.53
1.53
1.53
1.52
1.56
1.72
2.05
2.11
2.14
2.2
2.24
2.32
2.35
2.41
2.46
2.51
2.62
2.68
2.7
2.83
2.9
3.01
3.14
3.17
3.17
3.12
3.09
2.6
2.68
2.76
2.74
2.7
2.7
2.64
2.16
1.65
1.63
1.59
1.62
1.57
1.57
1.52
1.56
1.63
1.66
1.64
1.76
1.84
2.24
2.42
2.5
2.61
2.61
2.69
2.72
2.73
2.74
2.76
2.77
2.78
2.8
2.82
2.82
2.85
2.86
2.89
2.92
2.94
2.97
3.0
2.72
2.43
2.41
2.41
2.37
2.41
2.41
2.43
2.43
2.36
2.31
2.13
1.59
0.6
0.59
0.57
0.56
0.56
0.57
0.58
0.63
0.67
0.68
0.65
0.62
0.61
0.59
0.58
0.57
0.57
0.58
1.53
1.53
1.53
1.53
1.58
1.8
2.06
2.12
2.15
2.18
2.23
2.29
2.34
2.39
2.44
2.49
2.57
2.67
2.72
2.85
2.93
3.02
3.14
3.18
3.15
3.11
3.09
0
2.88
2.72
2.68
2.68
2.67
2.64
2.57
1.53
1.55
1.54
1.53
1.53
1.49
1.5
1.54
1.58
1.6
1.62
1.69
1.73
1.8
1.89
1.95
2.07
2.19
2.38
2.49
2.6
2.74
2.76
2.77
2.78
2.8
2.81
2.83
2.84
2.86
2.89
2.91
2.93
2.98
2.99
2.98
2.57
2.42
2.42
2.4
2.41
2.4
2.4
2.42
2.4
2.34
2.25
1.37
0.59
0.57
0.55
0.55
0.55
0.56
0.57
0.61
0.65
0.67
0.65
0.63
0.61
0.59
0.58
0.57
0.57
0.57
1.53
1.53
1.53
1.53
1.58
1.8
2.06
2.12
2.15
2.21
2.22
2.3
2.34
2.39
2.45
2.49
2.56
2.66
2.71
2.85
2.93
3.02
3.15
3.19
3.15
3.11
3.08
0
2.9
2.82
0
2.55
2.53
2.52
2.45
0
0
0
1.34
1.35
1.37
1.49
1.52
1.55
1.59
1.62
1.68
1.73
1.78
1.85
1.9
1.93
1.99
2.1
2.16
2.29
2.72
2.76
2.76
2.77
2.8
2.81
2.82
2.85
2.8
2.74
2.72
2.89
2.95
2.96
2.62
2.44
2.42
2.41
2.42
2.4
2.41
2.41
2.41
2.15
1.41
0.59
0.56
0.55
0.55
0.54
0.54
0.54
0.55
0.56
0.6
0.63
0.66
0.65
0.63
0.61
0.56
0.54
0.54
0.56
0.57
1.53
1.53
1.53
1.54
1.6
1.68
2.03
2.08
2.13
2.2
2.24
2.31
2.35
2.4
2.46
2.51
2.59
2.68
2.72
2.85
2.94
3.05
3.16
3.19
3.18
3.13
3.1
3.03
2.96
0
0
2.54
2.59
2.57
2.53
2.48
2.41
2.4
2.62
2.57
2.34
2.13
2.01
2.38
2.67
2.69
2.68
2.68
2.66
2.64
2.64
2.66
2.66
2.7
2.72
2.72
2.74
2.76
2.76
2.78
2.79
2.8
2.82
2.83
2.67
2.36
2.26
2.29
2.58
2.76
2.36
2.13
2.2
2.09
1.96
2.04
2.11
2.1
2.12
2.23
1.52
0.75
0.57
0.54
0.54
0.54
0.5
0.5
0.5
0.51
0.53
0.57
0.6
0.57
0.53
0.49
0.48
0.47
0.47
0.5
0.51
1.53
1.53
1.53
1.54
1.6
1.84
2.05
2.13
2.14
2.19
2.24
2.3
2.35
2.4
2.45
2.5
2.57
2.68
2.72
2.84
2.94
3.03
3.14
3.19
3.17
3.12
3.09
3.06
3.03
0
2.4
2.63
2.62
2.61
2.59
2.58
2.59
2.6
2.76
2.76
2.75
2.74
2.71
2.71
2.71
2.71
2.7
2.7
2.7
2.69
2.7
2.7
2.71
2.71
2.72
2.73
2.74
2.76
2.76
2.76
2.5
2.28
2.24
2.21
2.03
1.65
1.65
1.48
1.27
1.2
1.19
1.11
1.07
1.07
1.08
1.07
1.06
1.0
0.93
0.74
0.65
0.61
0.54
0.53
0.52
0.52
0.48
0.48
0.49
0.51
0.53
0.51
0.5
0.48
0.48
0.47
0.47
0.46
0.47
0.49
0.5
1.53
1.54
1.54
1.54
1.6
1.85
2.09
2.13
2.17
2.2
2.25
2.31
2.35
2.4
2.46
2.5
2.58
2.68
2.73
2.87
2.95
3.03
3.16
3.2
3.16
3.12
3.09
0
2.68
2.66
0
2.58
2.45
2.46
2.49
2.48
2.49
2.64
2.76
2.76
2.75
2.74
2.7
2.71
2.71
2.71
2.7
2.7
2.7
2.7
2.7
2.71
2.71
2.72
2.72
2.73
2.74
2.76
2.77
2.78
2.67
2.38
2.35
1.91
1.94
1.68
1.41
1.35
1.24
1.15
1.1
1.08
1.06
1.07
1.05
1.01
0.98
0.91
0.84
0.71
0.64
0.55
0.53
0.52
0.52
0.52
0.52
0.49
0.5
0.52
0.53
0.5
0.49
0.48
0.47
0.46
0.46
0.46
0.46
0.5
0.51
1.54
1.54
1.54
1.54
1.58
1.74
1.99
2.11
2.17
2.23
2.25
2.32
2.36
2.41
2.47
2.51
2.59
2.69
2.73
2.86
2.96
3.08
3.17
3.21
3.16
3.12
3.09
3.01
2.73
2.71
2.68
2.54
2.55
2.54
2.54
2.5
2.48
2.55
2.77
2.77
2.76
2.74
2.73
2.7
2.71
2.72
2.71
2.71
2.7
2.71
2.71
2.71
2.72
2.72
2.73
2.62
2.46
1.78
1.74
1.72
1.68
1.53
1.67
1.6
1.6
1.55
1.42
1.25
1.17
1.15
1.08
1.01
0.99
0.98
0.98
0.95
0.93
0.85
0.76
0.68
0.62
0.51
0.51
0.5
0.5
0.51
0.52
0.53
0.55
0.52
0.49
0.49
0.48
0.47
0.47
0.46
0.46
0.46
0.47
0.5
0.51
1.54
1.55
1.54
1.54
1.57
1.62
1.84
1.89
2.04
2.22
2.26
2.32
2.36
2.42
2.48
2.53
2.61
2.7
2.76
2.87
2.97
3.08
3.19
3.21
3.16
3.15
3.12
0
2.92
2.66
2.66
2.65
2.64
2.63
2.6
2.59
2.57
2.68
2.78
2.78
2.76
2.75
2.73
2.72
2.71
2.72
2.71
2.71
2.71
2.71
2.71
2.72
2.72
2.73
2.73
2.47
1.68
1.37
1.38
1.34
1.34
1.36
1.31
1.33
1.38
1.42
1.31
1.23
1.14
1.11
1.06
1.01
0.9599999
0.9599999
0.9599999
0.9
0.89
0.85
0.77
0.55
0.5
0.5
0.5
0.5
0.5
0.51
0.52
0.54
0.51
0.5
0.49
0.48
0.47
0.47
0.46
0.46
0.47
0.47
0.47
0.54
0.55
1.55
1.55
1.55
1.56
1.61
1.76
1.8
1.83
1.97
2.24
2.25
2.24
2.27
2.42
2.5
2.56
2.63
2.72
2.78
2.9
2.99
3.1
3.21
3.22
3.21
3.16
3.13
0
2.69
0
0
2.48
2.47
2.52
2.51
2.51
2.5
2.76
2.79
2.79
2.77
2.76
2.75
2.74
2.73
2.72
2.72
2.71
2.72
2.72
2.72
2.73
2.73
2.74
2.53
1.82
1.39
1.27
1.22
1.19
1.17
1.16
1.15
1.17
1.18
1.16
1.2
1.2
1.11
0.85
0.77
0.75
0.76
0.74
0.7
0.7
0.67
0.67
0.63
0.5
0.5
0.5
0.49
0.49
0.5
0.52
0.54
0.55
0.5
0.5
0.48
0.47
0.47
0.47
0.46
0.46
0.46
0.47
0.48
0.54
0.56
1.55
1.55
1.56
1.55
1.6
1.68
1.81
1.84
2.04
2.21
2.19
2.15
2.14
2.21
2.43
2.53
2.61
2.72
2.74
2.91
3.0
3.1
3.19
3.23
3.21
3.16
3.13
0
2.94
2.86
0
0
2.55
2.54
2.52
2.52
2.52
2.69
2.79
2.79
2.77
2.76
2.75
2.74
2.74
2.72
2.72
2.71
2.73
2.73
2.73
2.73
2.74
2.74
2.69
1.67
1.43
1.22
1.19
1.15
1.1
1.09
1.09
1.06
1.09
1.1
1.1
1.14
1.12
1.05
0.77
0.68
0.66
0.65
0.67
0.65
0.64
0.64
0.58
0.5
0.49
0.49
0.49
0.49
0.49
0.5
0.52
0.54
0.5
0.5
0.48
0.47
0.47
0.47
0.46
0.46
0.46
0.47
0.47
0.54
0.56
1.58
1.58
1.58
1.58
1.61
1.71
1.8
1.87
1.94
1.92
1.9
1.87
1.85
1.94
2.36
2.59
2.65
2.75
2.81
2.95
3.03
3.07
3.21
3.25
3.23
3.18
3.15
0
2.97
2.54
2.56
2.57
2.57
2.57
2.57
2.55
2.54
2.74
2.81
2.81
2.79
2.78
2.77
2.76
2.76
2.75
2.66
2.74
2.74
2.75
2.75
2.75
2.75
2.67
1.92
1.48
1.3
1.19
1.16
1.02
0.9599999
0.92
0.9
0.86
0.85
0.82
0.82
0.81
0.71
0.7
0.7
0.67
0.65
0.65
0.63
0.62
0.62
0.61
0.61
0.47
0.47
0.46
0.46
0.46
0.46
0.46
0.47
0.5
0.49
0.49
0.48
0.48
0.47
0.47
0.47
0.47
0.47
0.47
0.47
0.49
0.48
1.58
1.59
1.58
1.58
1.61
1.7
1.79
1.81
1.9
1.82
1.83
1.82
1.82
1.88
2.3
2.58
2.66
2.76
2.82
2.96
3.05
3.14
3.24
3.26
3.23
3.18
3.16
0
2.73
0
0
0
2.54
2.56
2.55
2.55
2.55
2.81
2.82
2.82
2.8
2.79
2.78
2.77
2.76
2.76
2.72
2.75
2.75
2.75
2.76
2.76
2.76
2.58
1.67
1.47
1.32
1.17
1.17
1.03
0.9599999
0.92
0.89
0.82
0.8
0.79
0.79
0.75
0.69
0.67
0.64
0.63
0.62
0.62
0.61
0.61
0.6
0.5
0.48
0.47
0.46
0.46
0.46
0.45
0.45
0.45
0.46
0.49
0.49
0.49
0.48
0.47
0.46
0.46
0.46
0.46
0.46
0.45
0.44
0.4
0.39
1.59
1.59
1.6
1.6
1.63
1.76
1.8
1.76
1.72
1.7
1.77
1.8
1.82
1.84
2.13
2.56
2.67
2.76
2.81
2.95
3.01
3.06
3.15
3.19
3.17
3.15
3.13
0
2.78
0
0
0
2.55
2.56
2.56
2.55
2.54
2.78
2.83
2.84
2.82
2.81
2.79
2.78
2.77
2.76
2.77
2.76
2.77
2.77
2.77
2.77
2.78
2.78
2.18
1.37
1.31
1.17
1.15
1.01
0.95
0.88
0.84
0.79
0.74
0.73
0.74
0.7
0.68
0.66
0.63
0.6
0.58
0.57
0.57
0.56
0.56
0.57
0.56
0.46
0.45
0.45
0.45
0.44
0.44
0.44
0.44
0.45
0.48
0.47
0.46
0.44
0.43
0.42
0.43
0.42
0.42
0.41
0.4
0.35
0.35
1.6
1.6
1.6
1.61
1.64
1.77
1.81
1.7
1.66
1.65
1.66
1.81
1.82
1.85
2.07
2.44
2.62
2.77
2.81
2.88
2.9
2.9
2.89
2.9
2.91
2.91
2.88
2.77
2.74
2.73
2.7
2.68
2.66
2.64
2.61
2.58
2.57
2.83
2.84
2.83
2.82
2.81
2.8
2.78
2.77
2.77
2.78
2.78
2.77
2.78
2.78
2.79
2.79
2.78
2.1
1.31
1.28
1.14
1.12
0.98
0.93
0.86
0.82
0.75
0.73
0.68
0.65
0.64
0.65
0.65
0.62
0.59
0.57
0.56
0.54
0.53
0.52
0.52
0.53
0.45
0.45
0.44
0.44
0.44
0.43
0.43
0.42
0.41
0.41
0.4
0.4
0.35
0.35
0.35
0.35
0.35
0.34
0.34
0.34
0.35
0.35
1.61
1.62
1.62
1.63
1.66
1.78
1.82
1.71
1.66
1.65
1.7
1.84
1.84
1.86
1.99
2.3
2.46
2.62
2.62
2.62
2.63
2.63
2.64
2.64
2.65
2.66
2.65
2.64
2.64
2.62
2.62
2.61
2.63
2.61
2.57
2.59
2.57
2.6
2.73
2.78
2.78
2.77
2.77
2.76
2.7
2.76
2.77
2.77
2.76
2.77
2.78
2.79
2.79
2.69
2.09
1.27
1.23
1.12
1.08
0.95
0.91
0.85
0.8
0.74
0.7
0.63
0.62
0.6
0.6
0.6
0.6
0.59
0.58
0.56
0.55
0.53
0.52
0.47
0.46
0.42
0.39
0.38
0.38
0.37
0.37
0.36
0.36
0.36
0.35
0.35
0.35
0.34
0.34
0.34
0.34
0.34
0.34
0.34
0.34
0.35
0.35
1.63
1.63
1.63
1.64
1.69
1.73
1.81
1.78
1.68
1.66
1.66
1.84
1.85
1.87
2.04
2.26
2.37
2.45
2.45
2.46
2.47
2.47
2.47
2.47
2.47
2.48
2.49
2.48
2.49
2.5
2.5
2.51
2.5
2.5
2.5
2.5
2.5
2.51
2.52
2.54
2.56
2.58
2.57
2.54
2.51
2.55
2.58
2.6
2.56
2.57
2.61
2.63
2.62
2.42
2.21
1.31
1.18
1.11
1.07
0.94
0.91
0.86
0.8
0.74
0.7
0.64
0.6
0.58
0.57
0.57
0.56
0.56
0.56
0.56
0.56
0.53
0.51
0.46
0.45
0.45
0.41
0.38
0.37
0.36
0.36
0.36
0.36
0.35
0.35
0.35
0.34
0.34
0.34
0.34
0.34
0.34
0.34
0.34
0.35
0.35
0.35
1.63
1.64
1.62
1.65
1.7
1.77
1.79
1.79
1.71
1.66
1.66
1.81
1.87
1.88
2.0
2.24
2.26
2.29
2.29
2.29
2.29
2.31
2.31
2.32
2.32
2.32
2.32
2.32
2.33
2.34
2.34
2.34
2.34
2.35
2.34
2.36
2.37
2.37
2.36
2.38
2.39
2.4
2.38
2.36
2.37
2.39
2.39
2.38
2.38
2.41
2.39
2.43
2.42
2.22
1.91
1.5
1.14
1.06
1.05
0.93
0.9
0.83
0.79
0.77
0.72
0.63
0.6
0.58
0.56
0.54
0.53
0.52
0.52
0.52
0.52
0.52
0.51
0.49
0.44
0.43
0.43
0.44
0.41
0.37
0.37
0.37
0.37
0.37
0.37
0.38
0.38
0.38
0.39
0.4
0.4
0.41
0.42
0.42
0.42
0.43
0.43
1.62
1.61
1.6
1.61
1.67
1.73
1.73
1.74
1.67
1.66
1.66
1.81
1.88
1.89
1.96
2.17
2.2
2.21
2.22
2.22
2.21
2.19
2.23
2.24
2.24
2.24
2.24
2.25
2.24
2.26
2.26
2.26
2.26
2.27
2.27
2.28
2.23
2.23
2.24
2.24
2.24
2.25
2.2
2.24
2.26
2.26
2.27
2.26
2.26
2.26
2.24
2.27
2.29
1.96
1.81
1.82
1.39
1.06
1.04
1.0
0.9
0.85
0.81
0.73
0.7
0.62
0.59
0.58
0.54
0.53
0.52
0.5
0.49
0.5
0.5
0.5
0.5
0.5
0.49
0.42
0.42
0.43
0.37
0.36
0.36
0.36
0.36
0.36
0.37
0.37
0.38
0.38
0.38
0.39
0.39
0.39
0.4
0.4
0.4
0.41
0.42
1.51
1.53
1.56
1.62
1.66
1.7
1.6
1.51
1.49
1.53
1.63
1.81
1.91
1.93
1.95
1.99
2.01
1.98
1.97
1.97
1.98
1.98
1.98
1.98
2.0
2.02
2.04
2.05
2.05
2.05
2.06
2.06
2.06
2.06
2.06
2.06
2.07
2.09
2.08
2.08
2.09
2.09
2.08
2.09
2.09
2.09
2.1
2.09
2.08
2.05
2.08
2.13
2.16
2.05
1.88
1.83
1.78
1.15
1.14
0.9599999
0.93
0.86
0.82
0.74
0.69
0.62
0.61
0.6
0.54
0.53
0.51
0.49
0.47
0.47
0.47
0.46
0.47
0.43
0.43
0.41
0.41
0.39
0.36
0.36
0.36
0.35
0.34
0.34
0.34
0.35
0.35
0.35
0.35
0.35
0.36
0.36
0.36
0.36
0.37
0.38
0.38
1.45
1.44
1.46
1.53
1.6
1.59
1.51
1.46
1.46
1.58
1.64
1.8
1.89
1.89
1.9
1.9
1.9
1.89
1.89
1.87
1.87
1.87
1.88
1.87
1.86
1.87
1.88
1.93
1.94
1.94
1.95
1.95
1.95
1.95
1.95
1.95
1.96
1.94
1.98
1.99
1.99
1.95
1.96
1.97
1.97
1.97
1.98
1.98
1.77
1.73
1.72
1.74
1.73
1.77
1.84
1.82
1.74
1.64
1.55
1.16
0.92
0.87
0.81
0.71
0.64
0.62
0.64
0.67
0.65
0.59
0.54
0.5
0.49
0.48
0.46
0.44
0.39
0.38
0.39
0.4
0.4
0.38
0.37
0.35
0.34
0.33
0.33
0.38
0.39
0.39
0.4
0.39
0.39
0.38
0.38
0.38
0.38
0.38
0.37
0.37
0.37
1.44
1.42
1.4
1.5
1.51
1.48
1.43
1.43
1.46
1.63
1.68
1.81
1.83
1.83
1.84
1.84
1.84
1.84
1.84
1.83
1.82
1.81
1.8
1.8
1.8
1.82
1.84
1.86
1.87
1.88
1.88
1.88
1.88
1.88
1.88
1.89
1.89
1.9
1.88
1.89
1.92
1.89
1.9
1.91
1.9
1.9
1.91
1.9
1.74
1.67
1.67
1.66
1.66
1.66
1.69
1.74
1.7
1.49
1.4
1.29
0.88
0.88
0.84
0.75
0.65
0.62
0.65
0.64
0.57
0.55
0.51
0.48
0.47
0.47
0.46
0.39
0.39
0.37
0.36
0.36
0.37
0.37
0.36
0.34
0.32
0.33
0.33
0.37
0.39
0.39
0.38
0.37
0.37
0.37
0.36
0.36
0.36
0.36
0.35
0.36
0.35
1.42
1.41
1.37
1.34
1.36
1.39
1.4
1.45
1.47
1.61
1.7
1.7
1.7
1.71
1.71
1.71
1.71
1.72
1.72
1.72
1.72
1.72
1.72
1.72
1.72
1.73
1.74
1.74
1.75
1.75
1.75
1.75
1.75
1.76
1.76
1.76
1.76
1.76
1.76
1.77
1.77
1.76
1.77
1.79
1.79
1.78
1.78
1.73
1.57
1.56
1.52
1.51
1.51
1.49
1.47
1.47
1.44
1.38
1.32
1.25
0.9599999
0.83
0.85
0.82
0.64
0.63
0.65
0.63
0.59
0.59
0.57
0.55
0.5
0.48
0.46
0.44
0.43
0.36
0.34
0.34
0.34
0.33
0.32
0.32
0.32
0.32
0.32
0.36
0.36
0.36
0.36
0.36
0.35
0.34
0.34
0.34
0.33
0.33
0.33
0.33
0.33
1.41
1.41
1.38
1.35
1.36
1.4
1.43
1.48
1.51
1.59
1.62
1.62
1.62
1.62
1.63
1.63
1.63
1.63
1.64
1.64
1.64
1.65
1.65
1.65
1.65
1.65
1.66
1.66
1.66
1.66
1.66
1.67
1.67
1.67
1.67
1.67
1.68
1.68
1.68
1.68
1.68
1.68
1.68
1.68
1.66
1.66
1.67
1.59
1.38
1.37
1.38
1.38
1.37
1.37
1.37
1.37
1.38
1.34
1.31
1.26
1.09
0.85
0.76
0.76
0.67
0.63
0.67
0.62
0.59
0.57
0.56
0.54
0.53
0.5
0.47
0.45
0.43
0.36
0.36
0.34
0.33
0.33
0.32
0.31
0.3
0.3
0.29
0.29
0.29
0.29
0.29
0.28
0.28
0.28
0.28
0.27
0.27
0.27
0.27
0.27
0.27
1.43
1.43
1.39
1.37
1.38
1.41
1.45
1.49
1.53
1.54
1.54
1.55
1.55
1.55
1.55
1.55
1.55
1.56
1.56
1.56
1.56
1.57
1.57
1.57
1.57
1.58
1.58
1.58
1.58
1.59
1.59
1.59
1.59
1.59
1.59
1.59
1.59
1.59
1.6
1.6
1.6
1.6
1.6
1.6
1.6
1.6
1.6
1.53
1.33
1.33
1.33
1.32
1.32
1.29
1.32
1.33
1.34
1.34
1.34
1.26
1.09
0.89
0.79
0.7
0.72
0.64
0.66
0.68
0.65
0.6
0.56
0.55
0.53
0.52
0.5
0.47
0.44
0.41
0.36
0.34
0.34
0.33
0.32
0.3
0.3
0.29
0.28
0.28
0.27
0.27
0.27
0.27
0.26
0.26
0.26
0.26
0.26
0.26
0.25
0.25
0.25
1.44
1.43
1.41
1.38
1.41
1.44
1.46
1.48
1.48
1.49
1.48
1.49
1.49
1.49
1.5
1.5
1.5
1.5
1.5
1.5
1.51
1.51
1.51
1.51
1.51
1.51
1.52
1.52
1.51
1.52
1.52
1.52
1.53
1.53
1.53
1.53
1.53
1.53
1.53
1.53
1.53
1.53
1.54
1.54
1.54
1.54
1.54
1.48
1.31
1.3
1.31
1.3
1.26
1.09
1.24
1.31
1.32
1.33
1.35
1.28
1.17
0.99
0.89
0.79
0.68
0.7
0.69
0.67
0.64
0.63
0.59
0.54
0.52
0.51
0.49
0.48
0.45
0.42
0.41
0.34
0.34
0.33
0.32
0.3
0.3
0.29
0.28
0.28
0.27
0.27
0.26
0.25
0.25
0.25
0.25
0.25
0.25
0.25
0.24
0.24
0.24
1.42
1.42
1.41
1.4
1.41
1.42
1.43
1.43
1.43
1.43
1.43
1.43
1.43
1.43
1.44
1.44
1.44
1.45
1.45
1.45
1.45
1.45
1.45
1.46
1.45
1.45
1.46
1.46
1.46
1.46
1.47
1.47
1.47
1.47
1.47
1.47
1.47
1.47
1.47
1.47
1.48
1.48
1.48
1.48
1.48
1.48
1.48
1.45
1.32
1.32
1.3
1.3
1.22
1.07
1.21
1.32
1.33
1.33
1.33
1.3
1.14
1.08
0.93
0.85
0.71
0.68
0.69
0.69
0.66
0.63
0.6
0.56
0.52
0.5
0.49
0.48
0.46
0.43
0.42
0.41
0.39
0.34
0.33
0.31
0.3
0.29
0.28
0.28
0.27
0.27
0.25
0.25
0.24
0.24
0.23
0.23
0.23
0.23
0.23
0.23
0.23
1.37
1.38
1.38
1.38
1.38
1.38
1.38
1.38
1.38
1.39
1.39
1.39
1.39
1.39
1.39
1.4
1.4
1.4
1.4
1.4
1.4
1.4
1.41
1.41
1.41
1.41
1.41
1.41
1.41
1.42
1.42
1.42
1.42
1.42
1.42
1.42
1.42
1.42
1.43
1.43
1.43
1.43
1.43
1.43
1.43
1.43
1.43
1.44
1.4
1.39
1.39
1.37
1.31
1.11
1.17
1.35
1.35
1.35
1.34
1.34
1.21
1.02
0.93
0.89
0.76
0.62
0.64
0.65
0.63
0.63
0.6
0.57
0.55
0.52
0.49
0.47
0.47
0.4
0.39
0.36
0.36
0.34
0.33
0.31
0.31
0.29
0.29
0.28
0.28
0.27
0.26
0.25
0.24
0.24
0.25
0.27
0.27
0.26
0.25
0.24
0.24
1.33
1.33
1.33
1.33
1.33
1.33
1.33
1.33
1.33
1.34
1.34
1.34
1.34
1.34
1.34
1.35
1.35
1.35
1.35
1.35
1.36
1.36
1.36
1.36
1.36
1.36
1.36
1.36
1.36
1.37
1.37
1.37
1.37
1.37
1.37
1.37
1.37
1.37
1.37
1.37
1.37
1.38
1.38
1.38
1.38
1.38
1.38
1.39
1.39
1.39
1.39
1.4
1.36
1.23
1.27
1.32
1.33
1.33
1.33
1.32
1.3
0.99
0.92
0.85
0.79
0.59
0.6
0.6
0.6
0.6
0.61
0.58
0.54
0.54
0.52
0.49
0.47
0.44
0.39
0.36
0.36
0.35
0.34
0.32
0.31
0.3
0.29
0.28
0.27
0.27
0.26
0.25
0.25
0.24
0.28
0.28
0.27
0.26
0.25
0.25
0.25
1.28
1.28
1.28
1.28
1.28
1.28
1.28
1.28
1.28
1.28
1.29
1.29
1.29
1.29
1.29
1.3
1.3
1.3
1.3
1.3
1.3
1.3
1.3
1.3
1.3
1.31
1.31
1.31
1.31
1.31
1.32
1.32
1.32
1.32
1.32
1.32
1.32
1.32
1.32
1.32
1.32
1.32
1.32
1.32
1.32
1.32
1.33
1.33
1.33
1.33
1.33
1.33
1.32
1.25
1.26
1.3
1.31
1.32
1.32
1.32
1.32
1.24
0.9599999
0.9
0.83
0.72
0.64
0.59
0.59
0.58
0.59
0.61
0.56
0.52
0.51
0.5
0.49
0.46
0.42
0.39
0.35
0.34
0.33
0.32
0.31
0.31
0.3
0.29
0.28
0.27
0.26
0.26
0.25
0.24
0.24
0.23
0.22
0.26
0.26
0.25
0.25
1.25
1.25
1.25
1.25
1.25
1.25
1.25
1.25
1.25
1.26
1.26
1.26
1.26
1.26
1.26
1.26
1.26
1.27
1.27
1.27
1.27
1.27
1.27
1.27
1.27
1.27
1.28
1.28
1.28
1.28
1.28
1.29
1.29
1.29
1.29
1.28
1.28
1.29
1.28
1.29
1.29
1.29
1.29
1.29
1.29
1.29
1.3
1.3
1.3
1.3
1.3
1.31
1.3
1.26
1.27
1.28
1.3
1.3
1.3
1.3
1.29
1.17
0.9599999
0.91
0.81
0.67
0.56
0.57
0.59
0.58
0.59
0.65
0.64
0.54
0.51
0.5
0.44
0.43
0.42
0.38
0.36
0.35
0.34
0.32
0.32
0.3
0.29
0.29
0.28
0.27
0.27
0.26
0.25
0.24
0.24
0.23
0.22
0.26
0.26
0.26
0.26
1.2
1.2
1.2
1.2
1.2
1.2
1.2
1.2
1.2
1.21
1.21
1.21
1.21
1.21
1.21
1.21
1.21
1.21
1.21
1.22
1.22
1.22
1.22
1.22
1.22
1.22
1.22
1.22
1.22
1.23
1.23
1.23
1.23
1.23
1.23
1.23
1.23
1.23
1.23
1.23
1.24
1.24
1.24
1.24
1.24
1.24
1.24
1.24
1.24
1.24
1.25
1.26
1.27
1.28
1.28
1.25
1.24
1.24
1.24
1.24
1.25
1.23
1.22
1.01
0.91
0.74
0.63
0.58
0.52
0.53
0.54
0.56
0.56
0.53
0.53
0.49
0.48
0.42
0.41
0.4
0.39
0.38
0.37
0.35
0.34
0.32
0.31
0.3
0.29
0.29
0.28
0.26
0.26
0.25
0.24
0.24
0.24
0.23
0.22
0.22
0.21
1.18
1.17
1.18
1.18
1.18
1.18
1.18
1.18
1.18
1.18
1.18
1.18
1.19
1.19
1.19
1.19
1.19
1.19
1.19
1.19
1.19
1.19
1.2
1.2
1.2
1.2
1.2
1.2
1.2
1.2
1.2
1.21
1.21
1.21
1.21
1.21
1.21
1.21
1.21
1.21
1.21
1.21
1.21
1.22
1.22
1.22
1.22
1.22
1.21
1.21
1.22
1.23
1.23
1.27
1.26
1.23
1.22
1.22
1.22
1.22
1.22
1.22
1.21
1.04
0.81
0.72
0.62
0.55
0.51
0.51
0.55
0.53
0.53
0.53
0.49
0.49
0.44
0.42
0.41
0.4
0.39
0.38
0.37
0.37
0.36
0.35
0.33
0.33
0.3
0.3
0.28
0.27
0.27
0.26
0.25
0.24
0.24
0.24
0.23
0.22
0.22
1.12
1.12
1.12
1.13
1.13
1.13
1.13
1.13
1.13
1.13
1.13
1.14
1.14
1.14
1.14
1.14
1.14
1.14
1.14
1.14
1.14
1.15
1.15
1.15
1.15
1.15
1.15
1.15
1.15
1.15
1.15
1.15
1.15
1.15
1.16
1.15
1.15
1.15
1.16
1.16
1.16
1.16
1.16
1.16
1.16
1.16
1.16
1.16
1.16
1.16
1.16
1.17
1.16
1.16
1.16
1.16
1.16
1.16
1.16
1.17
1.17
1.16
1.16
1.16
0.94
0.72
0.73
0.71
0.6
0.57
0.51
0.5
0.51
0.5
0.47
0.47
0.46
0.45
0.44
0.39
0.38
0.37
0.37
0.36
0.36
0.35
0.35
0.34
0.33
0.33
0.31
0.3
0.29
0.28
0.27
0.26
0.26
0.26
0.24
0.23
0.23
1.1
1.1
1.1
1.1
1.1
1.1
1.11
1.1
1.11
1.11
1.11
1.11
1.11
1.11
1.11
1.11
1.11
1.12
1.12
1.12
1.12
1.12
1.12
1.12
1.12
1.12
1.12
1.12
1.12
1.13
1.13
1.12
1.13
1.13
1.13
1.13
1.12
1.13
1.13
1.13
1.13
1.13
1.13
1.13
1.14
1.13
1.14
1.14
1.14
1.14
1.14
1.14
1.14
1.14
1.14
1.14
1.14
1.14
1.14
1.14
1.14
1.14
1.14
1.12
1.1
0.84
0.8
0.77
0.67
0.62
0.49
0.48
0.49
0.5
0.49
0.49
0.48
0.45
0.44
0.42
0.38
0.37
0.36
0.36
0.35
0.35
0.35
0.34
0.33
0.33
0.32
0.31
0.3
0.29
0.29
0.28
0.27
0.26
0.25
0.24
0.24
1.07
1.08
1.08
1.08
1.08
1.08
1.08
1.08
1.08
1.08
1.08
1.08
1.09
1.09
1.09
1.09
1.09
1.09
1.09
1.09
1.09
1.09
1.1
1.1
1.1
1.1
1.1
1.1
1.1
1.1
1.1
1.1
1.1
1.1
1.1
1.1
1.1
1.1
1.1
1.1
1.1
1.11
1.11
1.11
1.11
1.11
1.11
1.11
1.11
1.11
1.11
1.11
1.11
1.11
1.11
1.11
1.11
1.11
1.11
1.11
1.11
1.11
1.11
1.1
1.1
0.82
0.77
0.71
0.62
0.58
0.54
0.48
0.46
0.47
0.48
0.46
0.46
0.45
0.42
0.42
0.42
0.4
0.38
0.36
0.35
0.35
0.34
0.34
0.34
0.33
0.32
0.31
0.3
0.3
0.29
0.29
0.28
0.27
0.27
0.25
0.25
1.04
1.04
1.04
1.05
1.05
1.05
1.05
1.05
1.05
1.05
1.05
1.05
1.06
1.06
1.06
1.06
1.06
1.06
1.06
1.06
1.06
1.06
1.06
1.06
1.07
1.07
1.07
1.07
1.07
1.07
1.07
1.07
1.07
1.07
1.07
1.07
1.07
1.07
1.07
1.08
1.08
1.07
1.08
1.07
1.08
1.08
1.08
1.08
1.08
1.07
1.08
1.08
1.08
1.08
1.08
1.08
1.08
1.08
1.08
1.08
1.08
1.08
1.08
1.08
1.09
0.9599999
0.82
0.79
0.7
0.65
0.62
0.51
0.5
0.46
0.46
0.47
0.47
0.49
0.49
0.46
0.43
0.41
0.41
0.4
0.39
0.36
0.34
0.34
0.33
0.33
0.32
0.31
0.31
0.3
0.3
0.29
0.29
0.28
0.28
0.27
0.26
1.02
1.02
1.02
1.02
1.02
1.02
1.02
1.02
1.03
1.03
1.03
1.03
1.03
1.03
1.03
1.03
1.03
1.04
1.04
1.04
1.04
1.04
1.04
1.04
1.04
1.04
1.04
1.04
1.04
1.04
1.04
1.04
1.04
1.05
1.05
1.05
1.05
1.05
1.05
1.05
1.05
1.05
1.05
1.05
1.05
1.05
1.05
1.05
1.05
1.05
1.05
1.06
1.05
1.05
1.06
1.06
1.05
1.05
1.05
1.05
1.05
1.05
1.05
1.06
1.06
1.0
0.89
0.82
0.71
0.69
0.63
0.55
0.53
0.49
0.46
0.45
0.47
0.47
0.46
0.48
0.47
0.4
0.4
0.4
0.4
0.4
0.39
0.37
0.34
0.33
0.32
0.31
0.31
0.3
0.3
0.29
0.29
0.28
0.29
0.32
0.32
1.0
1.0
1.0
1.0
1.0
1.0
1.0
1.0
1.0
1.01
1.01
1.01
1.01
1.01
1.01
1.01
1.01
1.02
1.01
1.01
1.01
1.01
1.01
1.02
1.02
1.02
1.02
1.02
1.01
1.02
1.02
1.02
1.02
1.02
1.02
1.02
1.02
1.02
1.02
1.02
1.02
1.03
1.02
1.03
1.03
1.03
1.03
1.03
1.03
1.03
1.03
1.03
1.03
1.03
1.03
1.03
1.03
1.03
1.03
1.03
1.03
1.03
1.03
1.03
1.03
1.03
1.03
0.89
0.78
0.71
0.66
0.62
0.55
0.54
0.5
0.44
0.42
0.44
0.45
0.42
0.4
0.4
0.4
0.39
0.39
0.39
0.38
0.38
0.38
0.36
0.33
0.32
0.31
0.3
0.3
0.29
0.29
0.28
0.28
0.33
0.33
0.98
0.98
0.98
0.98
0.98
0.98
0.98
0.98
0.98
0.98
0.98
0.99
0.99
0.99
0.99
0.99
0.99
0.99
0.99
0.99
0.99
0.99
0.99
0.99
0.99
0.99
0.99
0.99
0.99
0.99
1.0
1.0
1.0
1.0
1.0
1.0
1.0
1.0
1.0
1.0
1.0
1.0
1.0
1.0
1.0
1.0
1.01
1.0
1.01
1.01
1.01
1.01
1.01
1.01
1.01
1.01
1.01
1.0
1.01
1.01
1.01
1.01
1.01
1.01
1.01
1.01
1.01
1.01
0.93
0.78
0.68
0.62
0.6
0.56
0.52
0.48
0.44
0.42
0.42
0.42
0.42
0.39
0.39
0.39
0.39
0.39
0.38
0.37
0.37
0.37
0.37
0.36
0.34
0.31
0.3
0.29
0.29
0.29
0.28
0.27
0.27
0.94
0.94
0.94
0.94
0.94
0.94
0.94
0.94
0.95
0.95
0.95
0.95
0.95
0.95
0.95
0.95
0.9599999
0.95
0.95
0.95
0.9599999
0.9599999
0.9599999
0.9599999
0.9599999
0.9599999
0.9599999
0.9599999
0.9599999
0.9599999
0.9599999
0.9599999
0.9599999
0.9599999
0.9599999
0.9599999
0.9599999
0.9599999
0.9599999
0.9599999
0.9599999
0.9599999
0.9700001
0.9700001
0.9700001
0.9700001
0.9700001
0.9700001
0.9700001
0.9700001
0.9700001
0.9700001
0.9700001
0.9700001
0.9700001
0.9700001
0.9700001
0.9700001
0.9700001
0.9700001
0.9700001
0.9700001
0.9700001
0.9700001
0.9700001
0.9700001
0.98
0.98
0.9599999
0.95
0.89
0.69
0.6
0.6
0.56
0.51
0.48
0.42
0.41
0.41
0.42
0.41
0.37
0.38
0.38
0.38
0.38
0.38
0.38
0.36
0.36
0.36
0.35
0.35
0.35
0.34
0.34
0.31
0.3
0.28
0.27
0.92
0.92
0.92
0.93
0.92
0.92
0.93
0.93
0.93
0.93
0.93
0.93
0.93
0.93
0.93
0.93
0.93
0.93
0.93
0.93
0.93
0.94
0.94
0.94
0.94
0.93
0.94
0.94
0.94
0.94
0.94
0.94
0.94
0.94
0.94
0.94
0.94
0.94
0.94
0.94
0.94
0.94
0.94
0.94
0.94
0.94
0.94
0.95
0.94
0.95
0.95
0.95
0.95
0.95
0.95
0.95
0.95
0.95
0.95
0.95
0.95
0.95
0.95
0.95
0.95
0.95
0.94
0.93
0.93
0.93
0.94
0.7
0.6
0.58
0.55
0.51
0.51
0.47
0.44
0.4
0.4
0.41
0.41
0.4
0.37
0.36
0.37
0.37
0.39
0.39
0.35
0.35
0.35
0.35
0.34
0.34
0.34
0.34
0.33
0.32
0.31
0.91
0.91
0.91
0.91
0.91
0.91
0.91
0.91
0.91
0.91
0.92
0.92
0.92
0.92
0.92
0.92
0.92
0.92
0.92
0.92
0.92
0.92
0.92
0.92
0.92
0.92
0.92
0.92
0.92
0.92
0.92
0.92
0.93
0.92
0.92
0.93
0.93
0.93
0.93
0.93
0.93
0.93
0.93
0.93
0.93
0.93
0.93
0.94
0.93
0.93
0.93
0.93
0.93
0.94
0.94
0.94
0.94
0.93
0.93
0.94
0.94
0.94
0.94
0.94
0.94
0.94
0.93
0.93
0.92
0.92
0.93
0.9
0.64
0.61
0.58
0.56
0.51
0.48
0.45
0.4
0.4
0.4
0.4
0.41
0.4
0.39
0.36
0.37
0.38
0.39
0.4
0.35
0.34
0.34
0.34
0.34
0.37
0.37
0.37
0.36
0.36
0.9
0.9
0.89
0.9
0.9
0.9
0.9
0.9
0.9
0.9
0.9
0.9
0.9
0.9
0.9
0.9
0.9
0.9
0.91
0.9
0.9
0.91
0.91
0.91
0.9
0.91
0.91
0.91
0.91
0.91
0.91
0.91
0.91
0.91
0.91
0.91
0.91
0.91
0.91
0.92
0.92
0.92
0.91
0.92
0.92
0.91
0.92
0.92
0.92
0.92
0.92
0.92
0.92
0.92
0.92
0.92
0.92
0.92
0.92
0.92
0.92
0.92
0.92
0.92
0.92
0.92
0.92
0.92
0.91
0.92
0.92
0.88
0.72
0.62
0.58
0.58
0.55
0.5
0.49
0.43
0.41
0.41
0.39
0.39
0.4
0.4
0.4
0.4
0.41
0.36
0.37
0.38
0.38
0.35
0.35
0.33
0.33
0.37
0.37
0.37
0.37
0.88
0.87
0.87
0.88
0.88
0.88
0.88
0.88
0.88
0.88
0.88
0.88
0.88
0.88
0.88
0.88
0.88
0.88
0.88
0.88
0.88
0.88
0.88
0.88
0.88
0.88
0.88
0.88
0.88
0.88
0.89
0.89
0.89
0.89
0.88
0.89
0.89
0.89
0.89
0.88
0.89
0.89
0.89
0.89
0.89
0.89
0.89
0.89
0.89
0.89
0.89
0.89
0.89
0.89
0.89
0.9
0.89
0.89
0.89
0.89
0.89
0.89
0.89
0.89
0.9
0.89
0.9
0.89
0.89
0.89
0.89
0.89
0.89
0.87
0.71
0.57
0.56
0.53
0.5
0.47
0.44
0.42
0.42
0.4
0.4
0.38
0.38
0.38
0.39
0.4
0.39
0.35
0.35
0.35
0.36
0.35
0.33
0.38
0.38
0.37
0.37
0.86
0.86
0.86
0.86
0.86
0.86
0.86
0.86
0.86
0.86
0.86
0.86
0.86
0.86
0.86
0.86
0.86
0.86
0.86
0.87
0.87
0.87
0.87
0.87
0.87
0.87
0.87
0.87
0.87
0.87
0.87
0.87
0.87
0.87
0.87
0.87
0.87
0.87
0.87
0.87
0.87
0.87
0.87
0.87
0.88
0.87
0.88
0.88
0.88
0.88
0.88
0.88
0.88
0.88
0.88
0.88
0.88
0.88
0.88
0.88
0.88
0.88
0.88
0.88
0.88
0.88
0.88
0.88
0.87
0.87
0.88
0.88
0.87
0.87
0.78
0.66
0.57
0.55
0.53
0.5
0.47
0.46
0.43
0.42
0.41
0.4
0.38
0.37
0.38
0.38
0.39
0.38
0.35
0.34
0.34
0.34
0.34
0.37
0.38
0.38
0.38
0.84
0.85
0.85
0.85
0.85
0.85
0.85
0.85
0.85
0.85
0.85
0.85
0.85
0.85
0.85
0.85
0.85
0.85
0.85
0.85
0.85
0.85
0.85
0.85
0.85
0.85
0.85
0.86
0.86
0.86
0.86
0.86
0.86
0.86
0.86
0.86
0.86
0.86
0.86
0.86
0.86
0.86
0.86
0.86
0.86
0.86
0.86
0.87
0.87
0.87
0.87
0.87
0.87
0.87
0.87
0.87
0.86
0.86
0.86
0.87
0.87
0.87
0.86
0.87
0.87
0.87
0.87
0.87
0.87
0.87
0.87
0.87
0.86
0.87
0.86
0.85
0.7
0.54
0.55
0.53
0.49
0.47
0.44
0.42
0.41
0.41
0.41
0.41
0.38
0.37
0.37
0.37
0.39
0.38
0.37
0.32
0.33
0.33
0.34
0.37
0.38
0.83
0.83
0.83
0.83
0.83
0.83
0.83
0.83
0.83
0.83
0.83
0.83
0.83
0.83
0.83
0.83
0.84
0.83
0.84
0.83
0.84
0.84
0.84
0.84
0.84
0.84
0.84
0.84
0.84
0.84
0.84
0.84
0.84
0.84
0.84
0.84
0.84
0.84
0.84
0.84
0.84
0.84
0.84
0.84
0.84
0.84
0.84
0.85
0.85
0.85
0.85
0.85
0.85
0.85
0.85
0.85
0.85
0.85
0.85
0.85
0.85
0.85
0.85
0.85
0.85
0.85
0.85
0.85
0.85
0.85
0.85
0.85
0.84
0.85
0.85
0.84
0.86
0.78
0.67
0.54
0.52
0.49
0.48
0.45
0.43
0.43
0.42
0.4
0.4
0.39
0.37
0.37
0.37
0.37
0.36
0.37
0.38
0.37
0.37
0.32
0.32
0.81
0.81
0.81
0.81
0.81
0.81
0.81
0.81
0.82
0.82
0.82
0.82
0.82
0.82
0.82
0.82
0.82
0.82
0.82
0.82
0.82
0.82
0.82
0.82
0.82
0.82
0.82
0.82
0.82
0.82
0.82
0.83
0.82
0.83
0.82
0.83
0.83
0.83
0.83
0.83
0.83
0.83
0.83
0.83
0.83
0.83
0.83
0.83
0.83
0.83
0.83
0.83
0.83
0.83
0.83
0.83
0.83
0.83
0.83
0.83
0.83
0.83
0.83
0.83
0.83
0.83
0.84
0.83
0.83
0.83
0.83
0.83
0.83
0.83
0.83
0.83
0.83
0.83
0.82
0.59
0.56
0.53
0.51
0.49
0.47
0.46
0.44
0.42
0.43
0.4
0.39
0.38
0.37
0.37
0.36
0.36
0.35
0.36
0.36
0.38
0.38
0.8
0.8
0.8
0.8
0.8
0.8
0.8
0.8
0.8
0.8
0.8
0.8
0.8
0.81
0.8
0.8
0.8
0.8
0.81
0.81
0.81
0.81
0.81
0.81
0.81
0.81
0.81
0.81
0.81
0.81
0.81
0.81
0.81
0.82
0.82
0.82
0.82
0.82
0.82
0.81
0.82
0.81
0.82
0.82
0.82
0.82
0.82
0.82
0.82
0.82
0.82
0.82
0.82
0.82
0.82
0.82
0.82
0.82
0.82
0.82
0.82
0.82
0.82
0.82
0.82
0.82
0.82
0.82
0.82
0.82
0.82
0.82
0.82
0.82
0.8
0.79
0.77
0.77
0.76
0.74
0.74
0.59
0.53
0.52
0.51
0.47
0.47
0.46
0.44
0.43
0.41
0.4
0.4
0.39
0.38
0.37
0.37
0.35
0.36
0.36
0.35
0.79
0.79
0.79
0.79
0.79
0.79
0.79
0.79
0.79
0.79
0.79
0.8
0.79
0.79
0.8
0.8
0.8
0.8
0.8
0.8
0.8
0.8
0.8
0.8
0.8
0.8
0.8
0.8
0.8
0.8
0.8
0.8
0.8
0.8
0.8
0.8
0.8
0.8
0.8
0.8
0.8
0.8
0.8
0.8
0.81
0.81
0.81
0.81
0.81
0.81
0.81
0.81
0.81
0.81
0.81
0.81
0.81
0.81
0.81
0.81
0.81
0.81
0.81
0.81
0.81
0.81
0.81
0.81
0.81
0.81
0.81
0.81
0.81
0.8
0.77
0.75
0.74
0.74
0.74
0.74
0.74
0.72
0.73
0.56
0.52
0.5
0.51
0.48
0.47
0.44
0.44
0.42
0.42
0.43
0.4
0.39
0.39
0.37
0.37
0.35
0.35
0.78
0.78
0.77
0.78
0.78
0.78
0.78
0.78
0.78
0.78
0.78
0.78
0.78
0.78
0.78
0.78
0.78
0.78
0.78
0.78
0.78
0.78
0.79
0.79
0.79
0.79
0.79
0.79
0.78
0.78
0.78
0.79
0.79
0.79
0.79
0.79
0.79
0.79
0.79
0.79
0.79
0.79
0.79
0.79
0.79
0.79
0.79
0.79
0.79
0.79
0.79
0.79
0.79
0.79
0.79
0.79
0.79
0.79
0.79
0.79
0.79
0.79
0.79
0.79
0.79
0.79
0.79
0.79
0.79
0.79
0.79
0.79
0.79
0.79
0.79
0.76
0.73
0.72
0.72
0.72
0.72
0.72
0.72
0.72
0.71
0.61
0.67
0.53
0.52
0.49
0.47
0.48
0.45
0.44
0.44
0.43
0.42
0.42
0.41
0.37
0.38
0.76
0.76
0.76
0.76
0.77
0.77
0.77
0.77
0.77
0.77
0.77
0.77
0.77
0.77
0.77
0.77
0.77
0.77
0.77
0.77
0.77
0.77
0.77
0.77
0.77
0.77
0.77
0.77
0.77
0.77
0.77
0.77
0.78
0.78
0.78
0.78
0.78
0.78
0.78
0.78
0.78
0.78
0.78
0.78
0.78
0.78
0.78
0.78
0.78
0.78
0.78
0.78
0.78
0.78
0.78
0.78
0.78
0.78
0.78
0.78
0.78
0.78
0.78
0.78
0.78
0.78
0.78
0.78
0.78
0.78
0.78
0.78
0.78
0.78
0.78
0.78
0.76
0.72
0.71
0.71
0.71
0.71
0.71
0.71
0.71
0.71
0.71
0.7
0.69
0.53
0.54
0.51
0.48
0.48
0.47
0.47
0.45
0.45
0.44
0.42
0.41
